0.792582 1.32625 1.28718 1.20325 1.13896 0.865027 0.678055 0.910395 0.948529 1.2197 1.42883 1.19971 1.20022 1.20467 1.20695 1.19621 1.18884 1.18169 1.21721 1.22088 1.1622 1.20922 1.21958 1.23266 1.22225 1.19164 1.22571 0.959655 
1.20923 1.56128 1.55112 1.56248 1.31614 1.39201 1.78723 1.97485 2.01265 1.6964 1.52698 1.28429 1.24406 1.30869 1.55526 1.76175 1.6242 1.61688 1.5912 1.65583 1.66422 1.60494 1.56014 1.53466 1.58899 1.60947 1.60081 1.14941 
1.2505 1.57318 1.33109 1.10337 1.61666 1.81711 2.0719 1.89475 1.88716 1.87135 1.75977 1.97874 1.99138 2.04115 1.72544 1.48465 1.25246 1.29386 1.609 1.79263 1.62063 1.58255 1.62113 1.61393 1.61217 1.63305 1.55827 1.10835 
0.935394 1.0726 1.54276 1.75093 1.96022 1.96996 1.74897 1.7101 1.68292 1.73941 1.76901 1.80117 1.84145 1.82292 1.81748 1.80236 1.98915 2.00139 1.64708 1.43973 1.27527 1.57725 1.78555 1.61595 1.63758 1.60215 1.61899 1.1555 
1.03086 1.82744 1.98426 1.99051 1.77647 1.7203 1.6861 1.6508 1.63407 1.61895 1.59096 1.61159 1.6581 1.69421 1.69972 1.73617 1.77786 1.79827 1.81341 1.82641 2.1063 1.80304 1.58331 1.37148 1.63106 1.80746 1.60311 1.17078 
1.18884 1.96033 1.69473 1.71226 1.68979 1.67358 1.6622 1.64246 1.59445 1.59547 1.62335 1.62943 1.61658 1.67085 1.70709 1.71548 1.71917 1.74302 1.74895 1.76959 1.78794 1.81067 1.77593 2.02279 1.73517 1.52494 1.36906 1.19775 
1.12044 1.72354 1.73486 1.66892 1.67821 1.70684 1.69866 1.70468 1.61423 1.65987 1.71536 1.69451 1.64229 1.63452 1.62554 1.66719 1.97609 2.11765 1.94449 1.93653 1.93784 1.98306 2.11995 2.08972 2.12359 2.12496 2.28747 1.62007 
1.55732 1.95386 1.91318 1.90384 1.88734 1.93214 1.88289 1.86112 1.92603 1.93202 1.93054 1.8925 1.88732 1.88861 1.93364 1.95345 1.6714 1.44949 1.23906 1.31899 1.36037 1.32755 1.34211 1.34137 1.41765 1.4451 1.46255 1.05933 
1.13333 1.31238 1.21623 1.29184 1.25539 1.23003 1.24585 1.24842 1.2412 1.26586 1.24034 1.21242 1.29312 1.30147 1.25114 1.27307 1.25143 1.27962 1.45726 1.43642 1.45539 1.45872 1.41643 1.48334 1.47167 1.47015 1.48608 1.10312 
1.2157 1.58803 1.55055 1.53064 1.53867 1.50877 1.49516 1.48683 1.51865 1.49305 1.53768 1.59253 1.58078 1.50961 1.49463 1.52728 1.5291 1.51996 1.56342 1.58393 1.58242 1.58301 1.57326 1.59793 1.577 1.59343 1.58266 1.12293 
1.318 1.66226 1.67277 1.68032 1.69437 1.71898 1.66417 1.64379 1.58948 1.63161 1.6271 1.69414 1.63484 1.63322 1.69452 1.66995 1.63375 1.62235 1.63713 1.63776 1.6013 1.63178 1.65769 1.68058 1.63999 1.65352 1.65831 1.18449 
1.22853 1.64121 1.64278 1.63371 1.6277 1.65977 1.63565 1.60524 1.6653 1.66898 1.68578 1.66791 1.68502 1.63529 1.61593 1.60448 1.66661 1.66788 1.68837 1.66793 1.60449 1.69653 1.67184 1.64063 1.6437 1.63145 1.67828 1.22041 
1.23399 1.6551 1.59565 1.60034 1.61976 1.57576 1.67224 1.65999 1.62538 1.60656 1.61366 1.66259 1.64518 1.65069 1.88718 2.15268 1.93644 1.98677 1.96954 2.01097 2.12028 1.72579 1.3861 1.68162 1.70928 1.70777 1.70871 1.23506 
1.26667 1.5975 1.67525 1.65703 1.56973 1.61758 1.64835 1.63686 1.62777 1.67107 1.69419 1.67293 1.67732 1.92766 1.68943 1.09048 0.851136 0.884806 0.926984 0.912004 0.819822 1.12837 1.25713 1.62249 1.64851 1.6277 1.69033 1.22729 
1.25758 1.81011 1.71859 1.18573 1.53333 1.75725 1.82641 1.58793 1.52594 1.69414 1.61885 1.67166 1.63805 1.43801 1.33685 0.892427 1.03681 1.06592 1.05612 1.11149 1.17916 1.56552 2.10522 2.04768 1.88804 1.51549 1.50079 1.18072 
1.08712 0.754716 1.26646 1.32629 2.03529 1.69216 0.981347 1.43671 1.39195 1.58613 1.44391 1.46462 1.86396 1.67277 0.820862 0.804397 0.693952 0.67433 0.474351 0.103515 -0.115813 0.24462 0.812059 1.13221 1.03016 1.13979 1.50896 1.49992 
0.73304 1.348 1.64622 1.95003 1.07489 1.72687 1.24574 1.32763 2.07572 1.88069 1.28136 2.08348 1.81091 1.02555 0.462877 0.705292 0.0766014 -0.165434 0.25785 0.821083 1.6093 2.40376 2.1076 1.24991 0.34914 0.990074 1.36635 1.32115 
0.95791 1.69307 1.21719 1.27636 0.948578 0.738879 1.23862 1.33062 1.49971 1.26013 0.961611 1.41376 1.1748 0.368478 0.63912 0.0273147 0.368093 1.07132 1.57208 1.52421 1.34101 1.0442 0.676647 0.453113 1.17438 1.54035 1.72515 1.12712 
0.955306 1.39538 1.4 1.31179 1.43697 1.28383 1.46287 1.63438 1.34799 1.3907 1.61794 0.63419 0.670918 0.904901 0.626311 1.21764 1.05419 1.58479 1.41279 1.46303 1.54579 1.00531 1.19701 1.48316 2.04706 1.92237 1.79343 0.776281 
0.979048 1.42108 1.70517 1.68017 1.31754 1.42321 1.66312 1.4797 1.07837 1.22286 1.87201 1.25079 0.237394 0.948473 0.69761 0.566944 1.08463 0.407709 1.0888 1.49768 1.29436 1.16058 1.21943 1.87008 1.61031 1.15023 1.06978 0.382802 
1.38276 1.29127 1.59187 1.31517 1.13736 1.47148 1.14977 1.20816 0.933997 1.09611 1.03661 1.19505 0.408612 0.794825 1.27606 0.710832 0.838642 0.747165 0.439992 1.19083 1.15553 1.41215 1.81755 1.42123 1.23516 0.844678 1.10539 1.0175 
0.933933 0.972334 1.62335 1.37173 1.66483 1.59869 1.53334 1.38542 1.14294 1.03709 0.957711 1.19572 1.51354 1.52351 0.901845 1.11088 0.660881 0.569868 0.170471 0.889263 1.62037 1.27804 0.938908 0.832308 1.17048 1.2968 1.17344 1.1042 
0.790523 0.885839 1.14202 0.992488 1.37092 1.5635 1.77877 0.986675 0.926097 0.997776 0.735909 0.858706 0.998436 1.27485 0.631227 0.266029 -0.329823 0.79032 1.96235 1.44077 0.887164 0.741866 0.226362 1.09074 1.39822 1.10136 0.99145 1.03035 
1.38858 1.71579 0.934631 1.46493 1.77309 1.45251 0.971314 0.789512 1.0406 1.13111 1.05731 1.47311 1.63233 0.822297 0.551032 0.54947 1.06029 1.01687 0.557783 0.102719 0.444232 -0.318424 0.626834 0.77282 0.914509 0.94361 0.955197 1.00502 
0.766245 0.930942 0.925035 1.10411 0.966734 0.951427 0.638968 1.12337 0.915315 0.79869 0.858165 1.00552 1.15431 0.663476 1.15368 1.7635 2.0057 1.86772 1.32923 0.305446 0.156498 0.472739 1.16519 1.71155 0.867146 1.17068 0.922796 0.936421 
0.935047 1.05861 1.10797 1.20253 1.24956 1.09913 1.00792 1.03424 1.00613 1.00013 1.05617 0.931299 0.505223 0.903386 0.957066 0.491206 0.57023 0.73892 0.923609 1.05097 1.16371 1.69213 1.01568 0.843349 1.3449 0.860295 0.958243 0.969856 
0.516327 1.03873 0.927396 1.23435 0.933619 0.638012 0.823566 0.967483 1.04127 1.02533 0.824075 0.858924 0.910963 1.03447 0.973494 0.437212 0.959594 2.47546 2.71111 2.5555 1.65267 1.25378 2.20794 1.75832 1.23056 0.834775 1.15939 1.01535 
1.31822 1.33098 1.50966 1.11207 1.06338 1.06609 1.31386 1.13145 1.14313 1.17089 1.18439 1.11167 1.24629 0.911088 0.734984 1.19808 1.54625 1.43572 1.1412 0.569764 1.26976 1.81875 1.42659 0.986521 0.527575 1.1448 0.942509 0.664046 

-1.73226 -1.24601 -1.24895 -1.23302 -1.21162 -1.4248 -1.5975 -1.78634 -1.87743 -1.5915 -1.38841 -1.21659 -1.19362 -1.22728 -1.27875 -1.22354 -1.22383 -1.27732 -1.26966 -1.31381 -1.31336 -1.2461 -1.18962 -1.20203 -1.25883 -1.23507 -1.21688 -0.292714 
-2.85975 -1.397 -1.49017 -1.3528 -1.62812 -1.68044 -1.46067 -1.48756 -1.61119 -1.70051 -1.93356 -1.95311 -1.91675 -1.97937 -1.71353 -1.44316 -1.31425 -1.38507 -1.46287 -1.47401 -1.43406 -1.46026 -1.46742 -1.47916 -1.45471 -1.38457 -1.34232 0.544754 
-2.78662 -1.217 -1.55127 -1.80455 -1.82797 -1.95519 -1.88382 -1.54035 -1.63051 -1.22313 -1.242 -1.65194 -1.62859 -1.6833 -1.74273 -1.94466 -2.05445 -2.0966 -1.66574 -1.54844 -1.53473 -1.40427 -1.38299 -1.41294 -1.49842 -1.42494 -1.3512 0.551214 
-2.98835 -1.72168 -1.80846 -1.52458 -1.9496 -1.9583 -1.50197 -1.58812 -1.66283 -1.70902 -1.63094 -1.67726 -1.7039 -1.71997 -1.30417 -1.22503 -1.63292 -1.68724 -1.76304 -1.99545 -2.12444 -1.8043 -1.55456 -1.48922 -1.46214 -1.4256 -1.41779 0.567647 
-2.85599 -1.54249 -1.93225 -2.009 -1.60913 -1.5725 -1.55572 -1.58455 -1.63699 -1.73015 -1.77081 -1.71202 -1.68436 -1.71053 -1.72755 -1.77247 -1.80268 -1.74281 -1.18793 -1.25455 -1.75865 -1.74069 -1.97554 -2.15648 -1.84674 -1.53924 -1.49347 0.515433 
-2.92696 -1.98851 -1.60949 -1.67043 -1.67148 -1.67039 -1.61893 -1.66734 -1.70557 -1.7332 -1.69887 -1.66791 -1.6973 -1.73044 -1.68059 -1.71745 -1.79375 -1.73733 -1.7752 -1.81428 -1.85235 -1.36889 -1.3438 -1.81911 -1.84869 -2.02912 -1.99946 0.279871 
-2.97556 -1.65624 -1.66304 -1.68653 -1.75346 -1.7063 -1.66876 -1.6752 -1.73149 -1.82598 -1.78637 -1.73542 -1.70631 -1.71531 -1.80915 -1.86115 -1.5089 -1.26852 -1.19605 -1.24432 -1.32313 -1.23681 -1.26626 -1.28317 -0.789741 -0.71804 -1.13023 0.728751 
-2.71075 -1.26532 -1.28908 -1.27839 -1.24076 -1.25495 -1.21904 -1.2541 -1.28664 -1.27074 -1.26532 -1.30528 -1.31473 -1.21592 -1.21692 -1.33115 -1.39886 -1.53055 -1.56226 -1.60034 -1.58496 -1.55773 -1.62362 -1.60641 -1.56161 -1.53264 -1.46275 0.849703 
-3.31002 -1.55204 -1.56223 -1.6302 -1.59148 -1.54272 -1.50738 -1.54385 -1.6752 -1.6029 -1.5456 -1.67384 -1.68693 -1.55546 -1.58722 -1.61144 -1.07532 -1.09306 -1.53629 -1.53261 -1.58536 -1.44989 -1.41786 -1.5481 -1.51755 -1.49233 -1.46866 0.558556 
-2.98107 -1.44046 -1.42078 -1.44919 -1.45666 -1.42727 -1.48617 -1.47595 -1.4614 -1.44964 -1.46007 -1.47822 -1.49005 -1.49494 -1.43603 -1.46181 -1.43978 -1.48727 -1.50401 -1.44975 -1.46199 -1.48617 -1.49136 -1.46841 -1.43902 -1.46299 -1.49908 0.589102 
-2.93863 -1.365 -1.44978 -1.40541 -1.41795 -1.45469 -1.43751 -1.46753 -1.48976 -1.45106 -1.48116 -1.55589 -1.47559 -1.35052 -1.37445 -1.37962 -1.40491 -1.44429 -1.46128 -1.50063 -1.44532 -1.51807 -1.50963 -1.47104 -1.45199 -1.4584 -1.45046 0.618307 
-3.01531 -1.35236 -1.42742 -1.45408 -1.48154 -1.5102 -1.54864 -1.4702 -1.39402 -1.42628 -1.42015 -1.41788 -1.45882 -1.41844 -1.30141 -1.24909 -1.28165 -1.32879 -1.3455 -1.38153 -1.43584 -1.51194 -1.53146 -1.50893 -1.51291 -1.51834 -1.50652 0.633361 
-2.98638 -1.47733 -1.44417 -1.44015 -1.4574 -1.50635 -1.53648 -1.46685 -1.45793 -1.46057 -1.4739 -1.44181 -1.46452 -1.25545 -0.663597 -0.454384 -0.408206 -0.474819 -0.489041 -0.562016 -0.465907 -1.03205 -1.38978 -1.46637 -1.46556 -1.44658 -1.46595 0.643771 
-2.85154 -1.40105 -1.40389 -1.40988 -1.47326 -1.45959 -1.51764 -1.49293 -1.38673 -1.44342 -1.45472 -1.43986 -1.36889 -0.706417 -0.29297 -0.504058 -0.748442 -0.836401 -0.863792 -0.92417 -1.07418 -1.36576 -1.42702 -1.4546 -1.50324 -1.53106 -1.47302 0.645609 
-2.68627 -0.954935 -1.31378 -1.56127 -1.59029 -1.36744 -1.16894 -1.35706 -1.42926 -1.51162 -1.49693 -1.37941 -1.2043 -0.568772 0.301432 0.298489 -0.293762 -0.304126 -0.336119 -0.341568 -0.183664 -1.0645 -1.15399 -0.313189 -0.6887 -1.22556 -1.52131 0.527244 
-2.66414 -1.62793 -1.76865 -1.58786 -1.105 -1.31045 -1.46657 -1.66769 -1.4748 -1.55338 -1.58309 -1.56143 -0.75557 0.448279 0.461208 -0.339966 -0.404543 -0.348803 -0.529364 -1.18367 -1.6071 -2.20854 -1.90113 -1.38266 -1.13487 -1.50192 -1.0235 0.810699 
-2.92883 -1.28667 -1.38862 -1.99968 -1.08694 -0.960866 -1.05167 -1.73043 -1.00983 -1.04213 -1.35867 -0.726514 -0.222559 0.208417 0.380297 -0.0807154 -0.953393 -1.19241 -1.28526 -0.976079 -0.549947 -0.332768 -0.195098 -1.16791 -2.2909 -2.91659 -1.57615 0.504916 
-2.66579 -2.05406 -1.61039 -1.77255 -0.847299 -1.88892 -2.52691 -1.24066 -0.901491 -1.50284 -1.53139 -0.837312 0.2126 0.261602 -0.389638 -0.858938 -1.0946 -0.476003 -0.976699 -1.92108 -1.84195 -0.939968 -0.628731 -1.11252 -1.82153 -2.3329 -1.09441 0.507076 
-2.67348 -1.62482 -1.2998 -1.63785 -1.58772 -1.03296 -1.95188 -1.501 0.153026 -1.03038 -1.93849 -0.334954 -0.131933 -0.609177 -0.394955 -0.00148061 -1.02847 -1.31296 -0.797237 -0.833706 -0.519661 -0.0163257 -0.351768 -1.7345 -2.83789 -1.4218 0.272942 0.833877 
-2.648 -1.52523 -1.25758 -1.46033 -1.58356 -1.6937 -1.20271 -0.165122 0.0764083 -1.25399 -1.14755 0.0518529 -0.271216 -1.00272 -0.741168 -1.24672 -1.14857 -0.0566241 -0.819953 -0.956094 -0.730251 -0.0164444 -0.723269 -1.37878 -1.7211 -1.23892 -0.295395 0.46959 
-2.21092 -0.989403 -0.92875 -1.60689 -1.67905 -1.71729 -1.22922 -0.265396 -0.00561881 -0.851497 -1.16501 -1.61755 -0.48904 -0.250925 -0.625386 -0.434856 -1.1503 -1.24702 -0.342133 -0.63338 -0.869871 -0.548795 -0.725732 -0.877894 -1.60333 -0.208356 -0.014948 -0.15583 
-2.57048 -0.633716 -0.319062 -0.958111 -1.475 -1.28488 -0.270567 0.105397 -0.377775 -0.661521 -0.0776142 -1.77516 -1.44884 0.497411 0.0976047 -0.334895 -0.267059 -1.46516 -0.86881 -0.740941 -0.469578 -0.679932 -1.07428 -0.882534 -1.30114 -0.180481 0.0242751 -0.0269547 
-2.43512 -1.26771 -0.668944 -1.55185 -1.61305 -0.696363 -0.136784 0.259791 -0.234963 -0.64251 -0.288477 -1.8971 -1.87201 -0.0836019 0.417148 -1.08573 -1.66894 -1.43895 -0.571344 0.195018 -0.48349 -0.552287 -0.429894 -0.733652 -1.13373 -0.291442 0.0588986 0.161857 
-1.5587 -0.219239 -0.0865895 -1.2181 -0.74119 -0.671561 -0.190772 0.0102004 -0.339554 -0.401995 -0.0576691 -0.871552 -0.4686 0.0491468 -0.82959 -1.27096 -1.39252 -1.98762 -2.47375 -1.17144 -0.113092 -1.24694 -1.93977 -1.14677 -0.955249 -0.252702 -0.154648 0.13863 
-1.50741 -0.775494 -0.357159 -0.701199 -0.960672 -0.401791 -0.0391927 -0.656005 -0.515411 -0.54628 -0.597695 -1.03387 -0.350575 0.311832 -0.275501 -1.14019 -1.42872 0.372576 0.0479103 -1.21106 -1.96595 -2.12067 -1.49411 -0.687217 -0.46007 -0.754678 -0.346752 0.164598 
-0.563065 -0.488318 -0.973486 -0.48492 0.22639 -0.310666 -0.671456 -0.419923 -0.378161 -0.258492 -0.363227 -0.437139 -0.686987 -0.629054 -0.723754 -1.65715 -1.50733 -1.36967 -2.06039 -0.747013 -0.502393 -2.45528 -1.94224 -0.688138 -0.642502 -0.370531 -0.481307 0.138085 
-1.21227 -0.997752 -0.559864 -0.423466 -0.313854 -0.618253 -0.499497 -0.381614 -0.453763 -0.410984 -0.448041 -0.25193 -0.320225 -0.532006 -0.402407 -0.561644 -0.716651 -0.376177 -1.00074 -0.991455 -0.813106 -1.25257 0.336265 0.711667 -0.549413 -0.491784 -0.209067 0.247116 
-0.0604766 0.0493301 -0.291671 0.194404 0.285684 -0.114748 -0.314871 0.00197267 -0.00740061 -0.0372151 0.202345 0.000742022 -0.32636 0.235329 0.0183741 -0.785918 0.00308621 -0.336305 -1.39812 -0.831699 -0.51434 -0.0199628 -0.0492679 0.721623 0.779781 -0.236158 -0.0757182 0.110096 

0.633517 1.1804 1.14519 1.15736 1.14131 1.15112 1.1657 1.16224 1.13711 1.09659 1.07875 1.08372 1.11684 1.14504 1.129 1.11008 1.09468 1.09238 1.05496 1.04434 1.05229 1.06147 1.08608 1.07464 1.07548 1.06633 1.05557 1.12182 
0.514736 0.70714 0.694152 0.681255 0.70805 0.705409 0.717734 0.729869 0.717923 0.701814 0.701234 0.694661 0.714297 0.724129 0.711707 0.6986 0.672115 0.699606 0.702673 0.710896 0.693505 0.65679 0.658233 0.652251 0.657166 0.659799 0.673497 0.774326 
0.565261 0.764768 0.730528 0.72838 0.740677 0.738888 0.74645 0.755396 0.748025 0.735702 0.734134 0.743756 0.743284 0.754277 0.725634 0.734567 0.746835 0.737916 0.715641 0.706802 0.674099 0.688926 0.699849 0.697574 0.696492 0.721216 0.725989 0.832505 
0.62183 0.792476 0.783469 0.784941 0.800917 0.802366 0.78067 0.789931 0.767674 0.763346 0.777914 0.78566 0.762207 0.745319 0.744974 0.720069 0.731728 0.770465 0.798951 0.791973 0.778366 0.735484 0.712482 0.701492 0.717191 0.709923 0.694082 0.830143 
0.610862 0.814274 0.822936 0.840289 0.862684 0.860755 0.8476 0.811646 0.785972 0.798895 0.815503 0.834851 0.800469 0.763135 0.748744 0.804645 0.815224 0.809645 0.75721 0.735888 0.726178 0.759351 0.783558 0.770139 0.781692 0.807646 0.80034 0.879364 
0.630615 0.831897 0.864207 0.882621 0.899085 0.904009 0.850321 0.84525 0.824118 0.826265 0.832987 0.848534 0.85379 0.844806 0.804611 0.796293 0.799051 0.783097 0.786785 0.809821 0.83173 0.82406 0.790247 0.769159 0.75966 0.775686 0.77744 0.875678 
0.659439 0.855956 0.867307 0.869991 0.874961 0.876827 0.842691 0.848485 0.87716 0.849809 0.804238 0.811304 0.836074 0.840315 0.810075 0.804407 0.791423 0.790413 0.772989 0.761348 0.767776 0.770383 0.782988 0.776127 0.78186 0.79439 0.800168 0.885732 
0.658249 0.829385 0.85968 0.838986 0.824823 0.83147 0.855788 0.866673 0.860289 0.89366 0.876171 0.845128 0.846692 0.894075 0.886476 0.841578 0.7702 0.727448 0.817321 0.839687 0.852675 0.869262 0.775963 0.708574 0.73809 0.720315 0.719183 0.862397 
0.651398 0.865581 0.865724 0.834258 0.855022 0.884479 0.843409 0.847365 0.858825 0.918238 0.687752 0.406661 0.468825 0.239524 0.159574 0.413087 0.634418 0.787528 0.727849 0.802822 0.621949 0.583469 0.702225 0.579806 0.572245 0.616 0.663116 0.860808 
0.636755 0.844687 0.838364 0.803831 0.852009 0.885603 0.845323 0.852547 0.87693 0.854751 0.9015 0.511178 0.531072 1.06365 1.20246 1.24154 0.937744 0.826622 0.70946 0.77321 0.269686 0.0868157 0.763644 0.554943 0.494903 0.551478 0.667588 0.85568 
0.650385 0.837613 0.865608 0.864067 0.803689 0.823224 0.821197 0.787611 0.878591 0.800426 0.778696 0.912604 0.676577 0.814024 0.767411 0.561306 0.671503 0.630322 0.766565 0.955594 1.4211 1.1732 1.13506 0.886547 0.724402 0.657623 0.74308 0.890595 
0.662107 0.860148 0.865954 0.910392 0.843543 0.83127 0.831613 0.83775 0.852707 0.864831 0.863722 1.09722 1.18322 1.28544 1.22383 0.942721 0.783624 0.797947 0.820276 0.926375 1.08088 1.11034 0.768918 0.838121 0.781789 0.751625 0.759677 0.880885 
0.671191 0.872136 0.807717 0.812398 0.817222 0.81593 0.790163 0.782846 0.271069 -0.0407523 0.267605 0.534031 1.03609 1.09955 0.659238 0.674363 0.733808 0.786199 0.788678 0.757198 0.824248 1.00353 0.974779 0.988443 0.998772 0.927554 0.866838 0.889314 
0.704776 0.891677 0.822988 0.834615 0.887881 0.838219 0.777827 0.59856 0.779134 0.993973 1.67438 1.64013 1.26223 0.899066 1.14446 1.4118 0.893505 0.795985 0.801194 0.896939 0.969426 1.07081 1.0299 1.11942 1.03083 0.87117 0.781502 0.841533 
0.637971 0.876552 0.880952 0.859689 0.877082 0.836424 0.807502 0.460187 0.689825 1.52708 1.44149 1.57536 1.64261 1.79163 1.91436 1.68169 0.9612 0.908666 0.902084 0.860708 0.884387 0.948983 0.987129 1.04374 0.99991 0.916966 0.853627 0.840963 
0.731792 0.90376 0.722152 0.616579 0.57313 0.610105 0.250439 0.415949 1.00805 1.70173 1.46202 1.19521 1.44129 1.95828 1.59577 0.822164 0.690236 0.743376 0.75065 0.71472 0.741531 0.81047 0.834567 0.783265 0.781333 0.756993 0.73025 0.742431 
0.623776 0.622922 0.466454 0.550274 0.579136 0.66819 0.656984 0.865142 1.73142 0.965966 0.795519 0.475854 0.966195 1.08534 0.85528 0.0834108 0.61623 0.603503 0.611667 0.600867 0.603027 0.608612 0.583666 0.583703 0.605602 0.616149 0.601944 0.680496 
0.480121 0.546386 0.582706 0.547581 0.529643 0.580434 0.788612 0.84566 1.40811 1.34196 1.54873 1.70518 1.71728 1.38198 0.711272 0.547114 0.562403 0.556735 0.537489 0.534012 0.511311 0.530573 0.552775 0.540638 0.54201 0.531579 0.538505 0.666945 
0.402361 0.535614 0.544215 0.509412 0.468541 0.4831 1.179 1.32974 1.35056 1.51659 1.54396 1.7365 1.579 1.19196 0.47849 0.543182 0.497418 0.488394 0.52557 0.580761 0.554943 0.51663 0.512673 0.518218 0.49436 0.510111 0.525187 0.661068 
0.437738 0.569445 0.584934 0.553558 0.592824 0.573405 0.668702 1.15998 1.11731 1.17601 0.930505 1.34472 1.24521 0.996868 0.343629 0.543501 0.529766 0.564036 0.527788 0.459047 0.467951 0.473832 0.467643 0.522369 0.502735 0.487457 0.483342 0.62263 
0.25805 0.409899 0.297251 0.384791 0.43936 0.441817 0.417836 0.491636 0.559768 0.506313 0.689673 1.31508 0.92235 0.327678 0.325536 0.594214 0.490508 0.54282 0.541923 0.568181 0.555072 0.570591 0.534542 0.526294 0.509371 0.545511 0.531565 0.662412 
0.474657 0.559041 0.675465 0.572406 0.604224 0.602258 0.615271 0.626708 0.437665 0.461253 0.836586 0.747075 0.609169 0.537468 1.07112 1.01459 0.66139 0.578991 0.513626 0.615029 0.575378 0.569605 0.555041 0.556629 0.586413 0.713838 0.686043 0.630252 
0.576576 0.523077 0.744608 0.739443 0.784762 0.771439 0.74808 0.711608 0.570979 0.535255 0.946294 0.777709 0.745844 0.527584 0.193724 0.652744 0.766899 0.408092 0.484424 0.641253 0.621852 0.646579 0.660186 0.658311 0.685365 0.617028 0.460325 0.459075 
0.506006 0.732505 0.674427 0.702932 0.69776 0.678601 0.656541 0.50839 0.529864 0.654987 0.868079 0.77061 0.722372 1.08157 1.15467 0.871934 1.33783 0.75537 0.687285 0.716405 0.659926 0.677657 0.64654 0.605967 0.601551 0.583704 0.471012 0.606134 
0.723651 0.968189 0.873233 0.855827 0.83297 0.856039 0.845754 0.628874 0.79975 1.23807 0.984425 1.01985 1.01201 0.815289 0.891627 0.649577 1.01304 1.30458 0.978311 0.850019 0.857734 0.855527 0.8197 0.839171 0.735679 0.645168 0.642258 0.831267 
0.786667 0.942467 0.960418 0.9475 0.940423 0.930324 0.919692 1.23992 1.13448 1.01679 0.704028 0.561529 0.377486 0.531982 1.22511 1.62918 1.13921 0.962701 0.828417 0.84508 0.841541 0.881873 0.896637 0.913022 0.887712 0.848416 0.915236 0.960506 
0.798238 0.963258 0.984535 1.01046 1.00157 1.01359 0.962013 0.902001 0.590321 0.145011 0.840192 1.28686 0.596827 0.515574 1.03463 0.960818 0.490191 0.6476 0.811853 0.855588 0.883558 0.88219 0.901908 0.872126 0.910067 0.918729 0.930597 0.924683 
1.09851 1.1238 1.11639 1.13643 1.14519 1.13558 1.11229 1.10071 1.52507 2.031 1.74804 1.38123 1.56349 1.65788 1.41103 1.0618 0.969724 0.995106 1.02136 1.01311 1.02106 1.008 1.01511 1.03564 1.02452 1.03002 1.02393 0.790471 

0.0106463 -0.46916 -0.473331 -0.457943 -0.451325 -0.447494 -0.460576 -0.487715 -0.505192 -0.478617 -0.469135 -0.441893 -0.412038 -0.407404 -0.417586 -0.415367 -0.390822 -0.421352 -0.448772 -0.434948 -0.427402 -0.415332 -0.409183 -0.387624 -0.406591 -0.432357 -0.444848 -0.417387 
-0.308383 -0.587954 -0.561254 -0.560235 -0.607935 -0.546071 -0.528844 -0.5839 -0.581428 -0.541939 -0.544074 -0.499747 -0.476579 -0.511756 -0.515162 -0.510731 -0.474139 -0.474764 -0.474988 -0.471843 -0.499695 -0.488636 -0.500486 -0.505228 -0.53364 -0.539913 -0.523035 -0.209216 
-0.36426 -0.587305 -0.583 -0.599475 -0.639145 -0.581684 -0.550012 -0.546486 -0.534961 -0.529114 -0.527948 -0.480914 -0.444718 -0.520018 -0.525396 -0.473183 -0.438014 -0.462612 -0.50478 -0.515288 -0.539265 -0.488016 -0.440244 -0.455687 -0.477972 -0.476077 -0.466321 -0.161172 
-0.433282 -0.551795 -0.573764 -0.60259 -0.613363 -0.570595 -0.528363 -0.517487 -0.500498 -0.515902 -0.517831 -0.480665 -0.472882 -0.515822 -0.495924 -0.497367 -0.483894 -0.449958 -0.422359 -0.41669 -0.494203 -0.481346 -0.50146 -0.4881 -0.481918 -0.481266 -0.482072 -0.137781 
-0.484208 -0.554397 -0.561305 -0.548453 -0.529086 -0.515093 -0.477313 -0.480317 -0.474045 -0.500802 -0.490776 -0.488561 -0.494887 -0.488147 -0.455527 -0.41475 -0.39694 -0.463314 -0.496901 -0.513971 -0.515759 -0.446688 -0.410207 -0.431099 -0.434817 -0.419103 -0.419129 -0.0678245 
-0.461122 -0.541468 -0.539844 -0.499164 -0.437079 -0.451392 -0.433389 -0.444668 -0.433697 -0.452571 -0.44834 -0.464562 -0.477099 -0.450941 -0.418073 -0.413648 -0.417819 -0.426238 -0.441528 -0.427138 -0.4566 -0.453268 -0.449816 -0.436644 -0.42803 -0.445316 -0.434211 -0.0324915 
-0.448706 -0.505931 -0.506912 -0.464158 -0.394674 -0.43221 -0.47094 -0.480927 -0.440379 -0.425923 -0.429955 -0.443559 -0.465081 -0.48059 -0.471043 -0.409261 -0.400931 -0.488589 -0.533512 -0.508879 -0.523518 -0.502747 -0.470291 -0.473126 -0.446352 -0.412513 -0.386071 -0.03551 
-0.457188 -0.507168 -0.51976 -0.459158 -0.397507 -0.466727 -0.496072 -0.484194 -0.446317 -0.429804 -0.352153 -0.310832 -0.291936 -0.387564 -0.422749 -0.337014 -0.380773 -0.462073 -0.472326 -0.454852 -0.473171 -0.466696 -0.512579 -0.530515 -0.451429 -0.42216 -0.390155 -0.0368442 
-0.467739 -0.473101 -0.483754 -0.453388 -0.365726 -0.433893 -0.491069 -0.460775 -0.453222 -0.422466 -0.603112 -0.636673 -0.700858 -1.23236 -1.39488 -1.15956 -0.724777 -0.573271 -0.500389 -0.536059 -0.766722 -0.771211 -0.718639 -0.673851 -0.548895 -0.448325 -0.341276 -0.0183482 
-0.477586 -0.535303 -0.509491 -0.459141 -0.416535 -0.454496 -0.392635 -0.399963 -0.454651 -0.367999 -0.454511 -0.722584 -0.95489 -1.10168 -0.907785 -0.604816 -0.515997 -0.66849 -0.531066 -0.68321 -1.50602 -1.45425 -1.43388 -1.18816 -0.8117 -0.620312 -0.436723 -0.000578722 
-0.474041 -0.513598 -0.505492 -0.469621 -0.401536 -0.493091 -0.499711 -0.442941 -0.447869 -0.338932 -0.758505 -1.08352 -1.08761 -1.84453 -1.66186 -0.786338 -0.238965 -0.340615 -0.591232 -0.629206 -1.16198 -0.794895 -0.845349 -1.14121 -0.871273 -0.555891 -0.355018 0.0339375 
-0.485236 -0.504176 -0.463698 -0.433102 -0.362549 -0.444106 -0.46651 -0.394195 -0.409014 -0.287958 -0.503077 -1.35608 -1.17628 -0.737152 -0.678483 -0.448821 -0.324115 -0.544234 -0.536729 -0.681988 -2.04474 -1.33233 -0.293084 -0.87019 -0.815153 -0.50869 -0.272672 0.0639253 
-0.506097 -0.528692 -0.456059 -0.464742 -0.510373 -0.505631 -0.470346 -0.374516 -0.943703 -1.2673 -1.60727 -2.01116 -1.78565 -1.2529 -0.983044 -0.604513 -0.19223 -0.491265 -0.599472 -0.679416 -1.2824 -1.37568 -0.938858 -0.763716 -0.581172 -0.282778 -0.165109 0.0771415 
-0.487066 -0.467301 -0.399025 -0.4237 -0.532686 -0.54709 -0.460635 -0.500502 -0.830748 -0.619299 -0.778737 -1.26006 -1.41664 -1.52022 -1.09508 -0.706282 -0.43664 -0.543101 -0.5767 -0.541014 -0.843261 -0.940014 -0.792682 -0.787539 -0.5332 -0.237942 -0.202485 0.0345625 
-0.51225 -0.41614 -0.371955 -0.347275 -0.418684 -0.47511 -0.356367 -0.768795 -1.7403 -1.59544 -0.869507 -0.851313 -0.25462 -0.544431 -0.69923 -0.657055 -0.336185 -0.454011 -0.492833 -0.560083 -0.641753 -0.586284 -0.616721 -0.584228 -0.463999 -0.295086 -0.301163 -0.0447031 
-0.32127 -0.288857 -0.318696 -0.431344 -0.552915 -0.629891 -1.03184 -1.54578 -1.74581 -1.19738 -0.808733 -0.779027 -0.822995 -0.450862 0.439662 0.131401 -0.629308 -0.543931 -0.450905 -0.441199 -0.445931 -0.509161 -0.488458 -0.465308 -0.518619 -0.444626 -0.44482 -0.152873 
-0.275983 -0.373355 -0.351076 -0.443634 -0.525401 -0.701477 -1.29057 -1.914 -2.01114 -1.15772 -1.41067 -1.30767 -1.17638 -0.610923 0.0584363 0.149482 -0.636362 -0.576265 -0.560801 -0.566834 -0.557739 -0.535947 -0.561125 -0.507612 -0.541313 -0.560302 -0.546417 -0.309931 
-0.116539 -0.404041 -0.521844 -0.582947 -0.663492 -0.664173 -1.92335 -2.01425 -1.56031 -0.73457 -0.938423 -0.966286 -0.414057 0.439871 0.143522 -0.527767 -0.621308 -0.6264 -0.603847 -0.644369 -0.667102 -0.632048 -0.602645 -0.59691 -0.615815 -0.592055 -0.616211 -0.404608 
-0.137055 -0.602761 -0.638294 -0.641355 -0.688536 -0.666282 -1.50396 -1.231 -0.722276 -1.1677 -1.28942 -1.20137 -0.259961 0.579333 0.195478 -0.649582 -0.695204 -0.668037 -0.625375 -0.586898 -0.546812 -0.542527 -0.635243 -0.640131 -0.628559 -0.643439 -0.61748 -0.386257 
-0.129407 -0.544344 -0.491751 -0.537671 -0.578308 -0.511403 -1.34418 -1.3767 -0.190331 -0.681449 -0.802612 -1.05283 -0.210187 0.0770129 -0.105016 -0.582389 -0.614832 -0.622695 -0.618922 -0.68729 -0.695389 -0.607471 -0.563766 -0.593745 -0.62694 -0.640227 -0.646902 -0.405685 
-0.346261 -0.861439 -0.741768 -0.697546 -0.764141 -0.717407 -0.65195 -1.26355 -1.21064 -1.21787 -0.486286 -0.365088 0.0475436 -0.354587 -0.743759 -0.714775 -0.626485 -0.621083 -0.541874 -0.572964 -0.60409 -0.663199 -0.624824 -0.623393 -0.621737 -0.593999 -0.578447 -0.378423 
-0.261324 -0.630726 -0.695173 -0.728415 -0.739091 -0.752787 -0.735797 -0.624845 -0.722835 -1.66501 -1.41654 -0.797246 -0.0579677 -0.12731 -0.555699 -0.626335 -0.551337 -0.577179 -0.60418 -0.670721 -0.580138 -0.593377 -0.610818 -0.616493 -0.569602 -0.492136 -0.431109 -0.225674 
-0.638088 -0.504853 -0.555131 -0.487185 -0.542001 -0.523748 -0.44048 -0.363182 -0.56671 -1.06323 -1.20642 -0.869689 -0.839516 -1.28027 -1.18781 -0.952988 -0.914211 -0.618719 -0.511185 -0.576931 -0.551396 -0.521402 -0.490857 -0.478585 -0.420484 -0.412057 -0.516544 -0.246875 
-0.989597 -0.839786 -0.606517 -0.707474 -0.615645 -0.586935 -0.536277 -0.445514 -1.01976 -1.1811 -0.932145 -0.937235 -1.05932 -0.911355 -0.500877 -0.414955 -1.13389 -0.96507 -0.603 -0.506356 -0.547749 -0.589998 -0.614038 -0.621629 -0.409522 -0.311434 -0.442716 -0.314177 
-0.811845 -0.652959 -0.568806 -0.586763 -0.516562 -0.518597 -0.432488 -0.700402 -1.1806 -1.14612 -0.681299 -0.555142 -0.465473 -0.974578 -1.48859 -0.260882 -0.120786 -0.762309 -0.52631 -0.43316 -0.446492 -0.436199 -0.495257 -0.522418 -0.38005 -0.445476 -0.572303 -0.287801 
-0.865685 -0.519866 -0.510258 -0.516692 -0.469383 -0.462755 -0.479689 -0.531729 -0.814195 -1.06349 -0.852931 -0.962962 -1.05001 -0.76374 -0.943505 -0.265169 0.373552 -0.292668 -0.389324 -0.443774 -0.506394 -0.465863 -0.454244 -0.444365 -0.276761 -0.271693 -0.478537 -0.0969849 
-0.807871 -0.491041 -0.471598 -0.481424 -0.445894 -0.468347 -0.465274 -1.00071 -1.23336 -1.34608 -1.15511 -0.653258 -0.991608 -1.37585 -1.53424 -0.953016 0.0616263 -0.0166065 -0.39658 -0.483033 -0.418473 -0.450191 -0.490005 -0.443488 -0.40442 -0.395157 -0.431673 0.0760005 
-0.377386 -0.0468427 -0.0534167 -0.0705713 -0.0742399 -0.0840227 -0.0948782 -0.049247 -0.170086 -0.125946 0.164252 -0.127803 -0.252961 0.232741 0.433919 0.14365 -0.0849632 -0.136332 -0.0933438 -0.0958982 -0.117624 -0.0737478 -0.0996714 -0.0884398 -0.0817865 -0.12213 -0.107422 0.159399 

0.573439 1.14744 1.26574 1.19458 1.07259 1.15521 1.18677 1.13303 1.16959 1.09587 1.06733 1.16818 1.09233 1.10477 1.15741 1.08523 1.1113 1.13608 1.13966 1.0764 1.04991 1.07373 1.10412 1.12545 1.06518 1.08027 1.02982 0.972039 
0.640163 1.19646 1.41137 1.34041 1.41184 1.35088 1.35395 1.45377 1.37353 1.30456 1.07763 0.976808 0.877361 0.825411 0.796383 0.77772 0.747019 0.742681 0.718721 0.741205 0.752591 0.778789 0.730473 0.784422 0.799733 0.828169 0.836085 0.794441 
0.907054 1.3223 1.34521 1.3813 1.37937 1.37443 1.27883 1.16718 1.03985 0.996972 0.97599 0.851117 0.931241 0.955471 0.889668 0.953566 0.982605 0.97515 0.981374 0.940961 0.987452 0.954075 0.975177 0.920194 0.928697 0.866529 0.960021 0.854976 
1.06625 1.2948 1.33208 1.41986 1.40075 1.39888 1.35232 1.23424 1.10328 1.03148 0.966496 0.772719 0.743543 0.700194 0.69538 0.664093 0.685832 0.691713 0.685371 0.779062 0.792526 0.750864 0.711923 0.732616 0.747987 0.751939 0.692919 0.69165 
1.08251 1.40734 1.39333 1.40269 1.42045 1.42733 1.35973 1.30958 1.29293 1.06826 1.00856 0.902177 0.895693 0.894477 0.925543 0.954394 0.952409 0.917105 0.814425 0.758305 0.958273 1.02463 0.882294 0.882392 0.836358 0.856271 0.830276 0.796899 
1.24419 1.48338 1.4122 1.42769 1.45438 1.44045 1.40535 1.33769 1.25253 1.08853 0.96401 0.889791 0.827573 0.836458 0.889464 0.889918 0.840683 0.798489 0.87996 0.967632 0.781797 0.808703 0.831657 0.917414 0.861833 0.807594 0.53278 0.522863 
1.11773 1.58311 1.46248 1.38484 1.43501 1.48655 1.46965 1.46983 1.38687 1.13642 0.916445 0.846589 0.802833 0.762192 0.828178 0.969378 0.955839 0.942059 1.02149 0.964312 0.910467 0.962392 1.13627 1.0498 0.920965 0.767771 1.0435 0.989901 
1.13912 2.07282 1.71322 1.66149 1.64909 1.7176 1.70422 1.7128 1.63469 1.23736 0.870922 0.840709 0.82021 0.811951 0.832535 0.83122 0.921728 0.91596 0.843893 0.834256 0.747683 0.770674 0.696899 0.806461 0.87588 1.0076 1.01242 0.91706 
1.18989 1.44333 1.07175 1.09393 1.12451 1.10258 1.1266 1.15495 1.14025 1.03199 0.800523 0.858088 0.80515 0.736544 0.605757 0.560485 0.592899 0.765633 0.772274 0.766918 0.804694 0.714397 0.835737 0.781534 0.782487 0.770109 0.856817 0.724011 
0.255688 0.385799 0.845194 1.09556 0.985975 1.01893 0.996239 1.00466 0.993059 1.00026 0.864782 0.814417 0.799542 0.885949 0.90834 0.903394 0.817995 0.747415 0.714029 0.711219 0.78896 0.854282 0.77351 0.846104 0.881294 0.845777 0.862729 0.789581 
0.825531 1.09743 0.894291 0.91047 0.984277 0.856467 0.894721 0.886356 0.914486 0.898532 0.805099 0.838122 0.789698 0.728488 0.759263 0.743439 0.776238 0.827293 1.01549 1.05335 1.07596 1.16306 1.18841 0.949296 0.859544 0.811713 0.876047 0.794524 
1.00333 1.28906 1.30211 1.13121 1.25161 0.945309 0.917058 0.853905 0.810847 0.838126 0.836769 0.83853 0.850807 0.897409 0.941438 0.929888 0.937622 0.852499 0.748678 0.670029 0.586918 0.739637 0.815987 0.89071 0.869015 0.910445 1.00882 0.883787 
1.52604 1.43762 1.55085 1.56893 0.949006 0.881651 0.772992 0.850777 0.862212 0.868699 0.867735 0.904504 0.861992 0.736656 0.705471 0.67413 0.576969 0.472035 0.462964 0.75502 0.970344 0.870239 0.805392 0.750162 0.863415 0.834291 0.880556 0.853639 
0.990915 1.3936 1.20091 0.898572 0.584915 0.790234 0.822891 0.757966 0.757178 0.464326 0.288795 0.651567 0.884604 1.19328 1.13587 1.23403 1.20523 1.13776 1.08219 0.99287 0.908791 0.704984 0.679412 0.697301 0.900724 0.821773 0.610556 0.808849 
0.752832 0.958286 0.816988 0.604389 0.887185 0.911303 0.863285 0.866187 0.779262 0.773205 0.973078 1.52745 1.39191 1.07775 0.752592 0.393335 0.551219 0.730065 0.746231 0.51199 0.438923 0.48015 0.606097 0.673474 0.798015 0.88892 0.953908 1.07337 
0.65552 0.833349 0.837686 0.782612 0.797999 0.847492 0.775685 0.779546 0.396072 0.585059 1.13851 1.34281 1.34444 1.394 1.50806 1.72108 1.52531 1.17092 1.07195 0.990004 0.629812 0.571224 0.706564 0.840974 0.763213 0.987136 1.32137 1.07342 
0.615333 0.785968 0.808619 0.792328 0.745782 0.80043 0.808253 0.735438 0.681696 0.807009 1.50184 1.22336 1.21995 1.24383 1.25468 1.3384 1.4267 1.75312 1.61888 1.33009 0.981514 0.860004 0.833829 0.623436 0.635105 1.04119 1.22305 0.869338 
0.488859 0.610038 0.71789 0.748636 0.737992 0.695801 0.731788 0.33267 0.546982 1.1271 1.17333 1.10564 1.00336 1.03672 1.13685 1.23686 1.30188 1.3731 1.29257 0.678336 0.919961 0.928623 0.623365 0.72501 1.16827 1.28563 1.16573 0.957043 
0.620923 0.705486 0.97394 1.06403 1.12496 1.08844 1.14957 1.17688 0.827589 1.30918 0.914913 1.12726 0.978233 0.825087 1.08716 1.18876 1.61126 1.64141 1.0308 0.805556 0.965931 0.693241 0.764751 1.09183 1.29802 1.13848 1.23467 1.06012 
0.856907 1.03757 0.861702 0.858135 0.964841 1.01915 1.08479 1.26837 1.48314 1.80207 1.55812 1.12257 1.22621 1.1797 1.34312 1.33392 1.29464 1.12768 0.552757 0.656862 0.747626 0.884344 0.96952 1.39445 1.09227 1.17877 1.13212 0.968673 
0.669077 0.647226 0.753347 1.13518 0.927375 0.860505 0.638246 0.592815 0.91661 1.34107 1.51729 1.62582 1.6836 1.6215 1.3996 1.56814 1.34175 0.670418 0.321321 0.676711 0.559685 0.835415 1.21328 1.28324 1.09651 1.1707 1.2656 1.05544 
0.574167 0.678497 0.670862 0.67206 0.725176 0.664377 0.653435 0.799786 1.43069 1.27398 1.36675 1.47988 1.32827 1.2323 1.25517 1.0614 0.689902 0.582303 0.738393 0.939708 1.04894 1.03411 1.37927 1.24124 1.14768 1.2107 1.2464 1.00767 
0.198647 0.730846 0.772855 0.763143 0.870415 1.02802 1.11567 1.36524 1.44469 1.29471 1.13067 1.06447 1.35409 1.39795 1.50551 1.63794 1.07468 0.937084 0.975506 0.765213 1.17702 1.41989 1.26689 1.15533 1.26382 1.24143 1.18935 0.998756 
0.757955 1.19163 1.21162 1.13178 1.16768 1.19715 1.16243 1.06267 0.85028 0.717416 0.876003 0.921221 1.24727 1.20477 1.23153 1.252 0.92013 1.0229 1.34326 1.40212 1.37523 1.42847 1.14417 1.17212 1.29521 1.26149 1.24656 1.03125 
1.11306 1.33435 1.30844 1.30959 1.3051 1.28041 1.20793 1.14261 1.03576 0.831852 0.947914 1.10004 1.24619 1.31724 1.09042 1.13754 1.24874 1.28877 1.31722 1.41845 1.397 1.39232 1.39687 1.37943 1.41617 1.4186 1.42281 1.08448 
0.974488 1.10735 1.08091 1.06511 1.07134 1.05033 1.0332 0.829493 0.613323 0.565385 0.665225 0.7675 0.599881 0.67528 0.630156 0.719586 0.996928 1.11214 1.02689 1.13045 1.18018 1.11996 1.13469 1.09839 1.08558 1.10692 1.11061 0.976288 
0.850678 1.07455 1.07076 1.05717 1.06719 1.07872 1.04856 0.947045 0.864924 1.11009 0.966762 0.913328 0.735519 0.754039 0.86724 0.901727 0.91734 1.14559 1.24646 1.11267 1.05758 1.05954 1.03264 1.04894 1.03803 1.03316 1.03943 1.04103 
1.13795 1.26808 1.27397 1.27869 1.27162 1.2615 1.1887 1.32953 1.43578 1.53353 1.48376 1.41159 1.42421 1.37722 1.37405 1.44547 1.51872 1.43691 1.41628 1.2871 1.21427 1.25476 1.24807 1.22697 1.225 1.21437 1.22321 0.934725 

-0.808446 -1.22218 -1.29632 -1.17313 -1.08156 -0.99905 -0.911189 -0.917455 -0.783128 -0.7692 -0.681388 -0.616352 -0.649342 -0.635641 -0.65781 -0.626803 -0.616494 -0.613817 -0.589932 -0.652329 -0.676007 -0.642438 -0.57514 -0.626552 -0.663921 -0.669393 -0.692082 -0.512158 
-1.62227 -1.72468 -1.82109 -1.33952 -1.17317 -1.18373 -1.04205 -0.800867 -0.595713 -0.323834 -0.261978 -0.675749 -0.7769 -0.813385 -0.89901 -0.882808 -0.915778 -0.932065 -0.953555 -0.916367 -0.925917 -0.90835 -0.900374 -0.901534 -0.811702 -0.827387 -0.824971 -0.130818 
-2.07657 -1.5711 -1.38251 -1.28491 -1.24233 -1.11334 -1.0301 -1.16873 -0.910379 -0.669724 -0.454269 -0.394736 -0.698926 -0.629997 -0.584856 -0.709141 -0.684844 -0.623011 -0.616938 -0.723149 -0.73918 -0.702796 -0.699067 -0.689541 -0.76446 -0.698803 -0.710493 -0.0259886 
-2.34985 -1.21349 -1.27006 -1.22496 -1.14843 -1.19648 -1.07092 -0.85208 -0.876988 -0.664791 -0.568199 -0.798257 -0.886214 -0.883935 -0.924223 -0.9154 -1.00752 -0.911817 -0.845889 -0.806811 -0.825613 -0.898271 -0.929589 -0.836194 -0.749987 -0.798919 -0.873026 -0.163856 
-2.42383 -1.20386 -1.15941 -1.21263 -1.24331 -1.20051 -1.16465 -1.09808 -0.836233 -0.269431 -0.334073 -0.633759 -0.737203 -0.787098 -0.783794 -0.728811 -0.69491 -0.644704 -0.740276 -0.852236 -0.717986 -0.718757 -0.736995 -0.733492 -0.757183 -0.77711 -0.697894 -0.190428 
-2.1845 -1.11386 -1.19593 -1.15714 -1.19661 -1.2189 -1.25096 -1.21176 -1.06057 -0.30294 -0.106486 -0.630037 -0.781714 -0.739322 -0.776613 -0.77843 -0.692662 -0.680278 -0.655718 -0.584064 -0.70374 -0.928127 -0.883228 -0.724078 -0.765497 -0.838139 -1.23193 -0.412451 
-2.05628 -1.04838 -1.09586 -1.12777 -1.05634 -1.05394 -1.13377 -1.0727 -0.869526 -0.263276 -0.134008 -0.572502 -0.740447 -0.705008 -0.647234 -0.556732 -0.552036 -0.567482 -0.719728 -0.818487 -0.395709 -0.518075 -0.716348 -0.725455 -0.880826 -0.984405 -1.01146 -0.00201505 
-1.49017 -0.612988 -0.53045 -0.433838 -0.411144 -0.474562 -0.437049 -0.443778 -0.335799 0.00532066 -0.0236746 -0.605517 -0.758652 -0.601337 -0.579321 -0.531617 -0.4524 -0.507681 -0.643704 -0.755758 -0.914181 -0.831799 -0.781094 -0.765907 -0.833114 -0.840236 -1.37517 -0.128523 
-0.802005 -0.440729 -0.684988 -0.639748 -0.546369 -0.54963 -0.547326 -0.485662 -0.438142 -0.287066 -0.309461 -0.652109 -0.732962 -0.767134 -0.779048 -0.686469 -0.717119 -0.689758 -0.556497 -0.797196 -0.792674 -0.717216 -0.648109 -0.625922 -0.826763 -0.998099 -1.17148 -0.0405162 
-1.38617 -0.622164 -0.949522 -0.70021 -0.456818 -0.379329 -0.349969 -0.389263 -0.428683 -0.693481 -0.717969 -0.769694 -0.753406 -0.625329 -0.553647 -0.473644 -0.485858 -0.665372 -0.871355 -0.898379 -0.965561 -0.891408 -0.840121 -0.634802 -0.556202 -0.734368 -1.1001 -0.197481 
-1.32669 -0.836375 -1.10494 -0.80059 -0.555833 -0.391426 -0.345902 -0.315757 -0.35735 -0.710462 -0.826707 -0.742194 -0.744126 -0.845921 -0.861969 -0.756027 -0.622351 -0.3975 -0.357133 -0.579463 -0.635716 -0.660553 -0.600124 -0.563585 -0.856579 -0.929351 -1.09351 -0.11544 
-2.17667 -1.11857 -0.480765 -0.102485 -0.340175 -0.292307 -0.34386 -0.409791 -0.46402 -0.75283 -0.82291 -0.801623 -0.759478 -0.567088 -0.607445 -0.623105 -0.590721 -0.429094 -0.435805 -0.713073 -0.764374 -0.836353 -0.801047 -0.537702 -0.673745 -0.895421 -1.07632 -0.0628034 
-1.51453 -0.879781 -0.542064 0.288511 0.295341 -0.251191 -0.322661 -0.408538 -0.394532 -0.659507 -0.731904 -0.62581 -0.723631 -0.812982 -0.827668 -0.867943 -0.787564 -0.575068 -0.496146 -0.674539 -0.663395 -0.463787 -0.558852 -0.756002 -0.972485 -0.94405 -1.08184 -0.117233 
-1.4888 -0.578599 -0.164693 0.073381 0.0698555 -0.268337 -0.411197 -0.522004 -0.535338 -0.988691 -1.16853 -1.19067 -1.00958 -0.54947 -0.554339 -0.466141 -0.248649 -0.0818943 -0.134141 -0.491814 -0.596428 -0.387918 -0.408648 -0.480823 -0.791581 -1.17368 -1.42616 -0.377207 
-0.757699 -1.17157 -0.353772 0.155564 -0.28648 -0.442734 -0.504837 -0.439879 -0.356593 -0.787916 -0.620083 -0.635288 -0.806416 -1.15206 -1.41073 -1.3997 -1.4051 -0.898535 -0.675471 -0.527681 -0.565857 -0.607563 -0.720695 -0.739201 -0.791747 -1.36455 -1.52315 -0.200105 
-0.405879 -0.387454 -0.406 -0.503047 -0.432232 -0.413328 -0.477524 -0.522725 -0.734761 -1.42191 -1.13456 -0.543233 -0.35892 -0.16356 -0.466617 -0.622871 -0.602534 -1.05853 -1.1269 -0.934603 -0.813276 -0.815975 -0.959454 -0.872501 -0.938393 -1.61203 -1.7127 0.141593 
-0.345802 -0.450911 -0.430096 -0.427971 -0.382676 -0.450102 -0.455393 -0.374772 -0.78695 -1.21443 -1.19045 -0.682432 -0.681135 -0.732141 -0.767084 -0.746025 -0.573604 0.0372268 -0.125976 -0.777952 -0.865246 -0.73506 -0.853738 -1.30531 -1.4016 -1.7548 -1.62213 0.261923 
-0.483056 -0.571304 -0.606308 -0.673598 -0.558672 -0.526906 -0.615465 -1.10154 -1.75022 -1.50019 -0.85826 -0.82877 -0.841936 -0.79793 -0.733194 -0.717748 -0.850777 -0.809108 -0.445205 -0.458433 -1.02717 -0.814652 -1.06612 -1.19255 -1.48344 -1.56739 -1.25882 0.196578 
-0.521999 -0.466174 -0.452906 -0.408839 -0.448707 -0.39644 -0.239168 -0.945818 -1.80462 -1.90295 -1.14663 -0.947984 -0.953178 -0.961195 -0.80933 -0.761782 -0.462296 0.165675 -0.192605 -0.791498 -0.843491 -1.09521 -1.18553 -1.48019 -1.54057 -1.15825 -1.17582 0.229125 
-0.55073 -0.439979 -0.326352 -0.463154 -0.450889 -0.433329 -0.247922 -1.34627 -0.884073 -0.446109 -0.837639 -1.1213 -1.33789 -0.941321 -0.625131 -0.788124 -0.573366 -0.191996 -0.252556 -0.796586 -0.806411 -1.02853 -1.39868 -1.41365 -1.04746 -1.2349 -1.34013 0.160174 
-0.678475 -0.747587 -0.354511 -0.150655 -0.338825 -0.43318 -0.503676 -1.75783 -1.38087 -0.811078 -0.947447 -0.688884 -0.965717 -0.856654 -0.324266 -0.42166 0.212952 -0.0379718 -0.949068 -1.1988 -1.03603 -1.68375 -1.41172 -1.06415 -1.16626 -1.18675 -1.21171 0.233073 
-0.639267 -0.656115 -0.849689 -0.881585 -0.7502 -0.552208 -0.599742 -1.21487 -1.2048 -0.784456 -1.25113 -1.38404 -1.08463 -0.733311 -0.360887 -0.819247 -0.384286 -0.404795 -0.969526 -1.08527 -1.26756 -1.56371 -1.24121 -1.0866 -1.26453 -1.19101 -1.32092 0.224292 
-1.27619 -1.4515 -0.953126 -0.680143 -1.20341 -1.12798 -0.937407 -0.994224 -0.566926 -0.354748 -0.745209 -0.874941 -0.917148 -0.719732 -0.340801 -0.263692 -0.132844 -0.940339 -1.67527 -1.5362 -1.69683 -1.54172 -0.85863 -1.04085 -1.35338 -1.20203 -1.18927 0.251925 
-1.10369 -1.12958 -1.21466 -0.987278 -0.926802 -1.01569 -1.36929 -1.24281 -0.795835 -0.627006 -0.73948 -0.68323 -0.770022 -0.788691 -0.487759 -0.987662 -0.996949 -0.750553 -1.04706 -1.00766 -1.50896 -1.66618 -0.941968 -1.04777 -1.27553 -1.15316 -1.15776 0.268139 
-1.37192 -0.68222 -0.698217 -0.764532 -0.765401 -0.726069 -0.747789 -0.553845 -0.336582 -0.203462 -0.695608 -0.671097 -0.190243 -0.306857 -0.120765 -0.701141 -1.21483 -1.0474 -0.958998 -0.798424 -0.627054 -0.72428 -0.789633 -0.77299 -0.768648 -0.781307 -0.851367 0.426809 
-1.30884 -0.710404 -0.731741 -0.731385 -0.705443 -0.708084 -0.700159 -0.640858 -0.536606 -0.476143 -0.766494 -0.845118 -0.642756 -0.793929 -0.357103 -0.896226 -1.42703 -1.06722 -0.895175 -0.831802 -0.688601 -0.661802 -0.711381 -0.660423 -0.670073 -0.74215 -0.784883 0.368776 
-0.915735 -0.609589 -0.630557 -0.6219 -0.612128 -0.60635 -0.492888 -0.3595 -0.206076 -0.422761 -0.659469 -0.760922 -0.57917 -0.646772 -0.680934 -0.838394 -1.01813 -1.0974 -0.995008 -0.704115 -0.613665 -0.629608 -0.628811 -0.612396 -0.586192 -0.624217 -0.661517 0.15159 
-0.312932 -0.0520924 -0.0511727 -0.0427487 -0.035871 -0.0350423 0.0603265 0.0428345 0.195974 0.192024 0.157266 0.0613451 0.00891105 0.0724591 0.0663038 -0.091508 0.0132265 -0.0441022 -0.366374 -0.146815 0.0117531 -0.0740974 -0.0910575 -0.0887244 -0.0872525 -0.083509 -0.0802726 0.272979 

0.74065 1.51042 1.52171 1.51221 1.51526 1.50024 1.53831 1.59862 1.57954 1.5106 1.47777 1.51335 1.49155 1.5091 1.59171 1.63254 1.61099 1.58662 1.55152 1.51609 1.47883 1.45913 1.52906 1.5223 1.53644 1.54886 1.55768 1.30367 
0.754486 1.1459 1.15293 1.15735 1.1677 1.17464 1.16818 1.15052 1.12316 1.1412 1.15251 1.17766 1.22082 1.26066 1.5417 1.48426 1.14368 1.37948 1.57319 1.34767 1.15876 1.1859 1.17019 1.19078 1.19503 1.20824 1.19277 0.970895 
0.748162 1.11672 1.10578 1.09923 1.1336 1.16351 1.137 1.12008 1.1457 1.16486 1.18378 1.18879 1.17745 1.13803 0.906298 1.07053 1.06934 1.12436 1.16809 1.28384 1.17481 1.18248 1.16315 1.18679 1.18301 1.20289 1.18835 0.967422 
0.76688 1.14146 1.13146 1.13882 1.14613 1.16555 1.15856 1.17792 1.17146 1.16123 1.16912 1.34513 1.31449 1.06294 1.04931 1.01029 1.24193 1.23839 1.35888 1.53949 1.26776 1.18682 1.20687 1.17577 1.17121 1.20153 1.20671 1.0114 
0.769437 1.15605 1.15133 1.1481 1.16158 1.13777 1.15118 1.09861 1.12937 1.1301 1.17272 0.997812 1.08925 1.0117 1.2025 1.2421 1.33899 1.30216 1.15998 1.19446 0.949057 1.10854 1.16202 1.20728 1.18924 1.18275 1.1905 1.0251 
0.785687 1.16941 1.1493 1.15489 1.15028 1.16624 1.17692 1.16976 1.20636 1.27516 1.15675 1.05991 1.02144 1.1557 1.19878 1.24342 1.28329 1.2494 1.2087 1.29434 1.12351 1.21059 1.20724 1.19449 1.1915 1.18011 1.15963 1.00409 
0.790028 1.17776 1.1641 1.16369 1.15019 1.17885 1.17381 1.48391 1.65235 1.44797 1.24824 0.929357 1.08114 1.07322 1.09399 1.16054 1.12056 1.18195 1.17639 1.19763 1.06496 1.17614 1.13936 1.14667 1.1807 1.19143 1.17234 0.991398 
0.762232 1.13322 1.12413 1.13787 1.1513 1.14614 1.42153 1.18055 0.818134 0.678994 1.19656 1.15996 0.933044 1.13032 1.07396 0.983225 1.08926 1.35476 1.09413 0.829079 1.15485 1.19304 1.15804 1.16908 1.18178 1.19354 1.18419 0.99405 
0.745774 1.14117 1.16994 1.15506 1.16036 1.39247 1.16825 0.731428 0.537021 0.836023 0.638763 1.03186 0.987439 1.10481 1.21057 1.07345 1.20296 0.818963 0.671615 0.951238 1.22386 1.13005 1.18197 1.14989 1.17318 1.20327 1.19264 0.98077 
0.698729 1.13143 1.13748 1.1462 1.25731 1.12755 0.872259 0.42005 0.291448 0.40007 0.649282 0.874705 1.02379 0.87411 1.226 1.26606 1.31725 1.27363 1.03573 1.38264 1.31917 1.20667 1.20133 1.17697 1.17759 1.16984 1.18761 0.982644 
0.761108 1.11585 1.12942 1.14215 1.12496 1.03117 0.43016 0.62347 0.883875 1.02705 0.692982 0.760854 0.967969 1.03564 1.35289 1.45405 1.51169 1.6139 1.88155 1.63775 1.0275 1.13832 1.17935 1.1844 1.17022 1.18065 1.16901 0.968993 
0.739032 1.13333 1.11013 1.07033 0.944396 0.983176 0.847476 0.850594 1.24503 1.11287 1.00158 0.704055 1.14607 1.22538 1.42485 1.6782 1.44041 1.38609 1.08854 1.0452 0.843753 1.19735 1.17071 1.13186 1.17211 1.20849 1.19604 0.983789 
0.75739 1.21573 1.09937 1.09707 1.01686 0.743076 0.673494 0.875233 1.12505 1.14395 1.13858 0.982132 0.953786 1.26254 1.24119 1.41099 1.33636 1.28988 1.26296 1.28908 1.47502 1.16541 1.11366 1.12222 1.16439 1.19876 1.21853 1.01887 
0.689016 1.08727 1.1541 1.06138 0.99374 0.991798 0.852021 1.0942 1.16643 1.19576 1.10383 1.32307 1.32232 1.15842 1.33521 1.0868 1.23124 1.22699 1.25203 1.30673 1.36073 1.16944 1.19187 1.1873 1.15468 1.17839 1.18997 1.00678 
0.773087 1.11597 1.14856 1.12372 0.994244 0.952822 0.889862 0.995533 1.13154 1.16979 1.13152 0.795621 0.934058 0.818675 0.945997 0.883042 1.19964 1.44345 1.17448 1.12385 1.04118 1.15479 1.17236 1.19339 1.18606 1.17189 1.16928 0.973092 
0.780674 1.13225 1.06166 1.0638 1.0277 1.16071 1.30545 1.33294 1.43203 1.52653 1.43682 1.10776 1.01123 1.51661 1.38437 1.72862 1.07591 0.587696 0.612728 0.822476 0.998783 1.13404 1.17386 1.16399 1.22561 1.21041 1.18294 0.967694 
0.766452 1.15775 1.0988 0.990751 0.91363 0.778637 0.71699 0.749718 0.87269 0.898786 0.72039 0.734216 0.881554 1.2258 1.56598 1.53134 0.919805 0.487035 1.04534 1.05034 1.15948 1.13788 1.12334 1.15272 1.19236 1.21579 1.21358 0.986037 
0.77691 1.17424 1.10495 1.0748 0.929184 0.831844 0.757927 0.830081 0.640582 0.817833 0.643547 0.452287 1.29346 1.78214 0.910178 0.598262 0.781406 0.990766 0.887264 1.08331 1.05481 1.13337 1.12414 1.12642 1.16493 1.18542 1.17101 0.967091 
0.730632 1.15669 1.12806 1.08169 0.948797 0.655856 0.437305 0.695291 0.671524 0.648495 0.761794 0.926682 1.1954 1.01864 0.350024 0.527713 0.834517 0.941407 0.767845 1.10023 1.10638 1.16922 1.18888 1.14419 1.1719 1.16721 1.17459 0.986237 
0.754281 1.12855 1.08854 1.0646 0.965411 1.04427 0.873659 1.03553 1.07067 0.980149 1.00783 1.15071 1.09784 0.976522 0.65575 0.771855 1.11886 1.04013 1.06873 1.19915 1.17472 1.14058 1.14118 1.1945 1.18565 1.18141 1.2461 1.0796 
0.7518 1.10149 1.12007 1.12217 1.03062 1.17078 1.06211 0.835358 0.927463 1.07899 1.15058 1.13377 1.14565 1.24486 1.16369 0.957448 1.26937 1.17307 1.17788 1.19909 1.17805 1.14404 1.12894 1.25663 1.52693 1.39896 1.05925 1.0694 
0.737759 1.13276 1.10683 1.05877 1.0562 0.975532 0.916903 0.969494 1.14263 1.01381 1.41392 1.4859 1.21174 0.933137 1.02872 0.890663 0.914338 1.23056 1.4975 1.37321 1.06112 1.18982 1.1791 1.08915 0.851414 0.883768 1.02819 1.18473 
0.777048 1.18019 1.15116 1.09952 0.991437 0.910567 0.797496 0.825792 0.946933 1.22031 1.09775 1.04747 0.326291 0.371352 1.0128 1.30586 1.34535 1.55374 1.26871 1.22149 1.26596 1.25917 1.31318 1.2635 1.28369 1.37478 1.53448 1.31349 
0.753196 1.12523 1.12468 1.30959 1.13905 0.700006 0.724562 1.20782 1.10617 1.04937 0.549988 1.12496 1.46485 1.35623 1.54496 1.70636 1.53969 1.11515 1.19104 1.22739 1.50603 1.07544 1.30568 1.2561 1.27557 1.34016 1.3455 1.2209 
0.717506 1.16255 1.13708 0.764321 0.679785 0.871637 1.21403 1.44681 1.38289 1.29617 1.83057 1.67455 1.70864 1.70357 1.60439 1.46157 1.23563 1.01678 1.07911 0.890507 1.14673 1.29568 1.53873 1.19899 1.18305 1.3283 1.32573 1.18174 
0.908041 1.27099 1.27557 1.30384 1.24036 1.42933 1.53541 1.4815 1.61437 1.47252 0.954969 1.02037 0.670771 1.19368 1.00756 0.857974 0.434113 0.578231 0.937869 0.86199 1.28137 1.32399 1.12964 1.10921 1.06781 1.33638 1.32573 1.17954 
0.926337 1.33434 1.29012 1.331 1.32986 1.28622 1.11283 0.92826 0.60321 0.816158 0.845596 1.13786 1.40389 0.985671 0.702164 0.343411 0.669403 0.839685 1.24555 1.32468 1.38417 1.65375 1.02572 1.10796 1.2165 1.36358 1.35722 1.19991 
1.78708 1.89775 1.92442 1.92385 1.95396 1.93154 1.89452 1.87267 1.96941 1.97745 2.12116 1.89625 1.63814 1.42177 1.3584 1.69945 1.98137 2.13471 1.96364 2.11204 1.73396 1.57101 1.62397 1.73985 1.98157 1.92594 1.94218 1.20986 

-0.829795 -1.08973 -1.09392 -1.13306 -1.14577 -1.10816 -1.06243 -1.07388 -1.08232 -1.13193 -1.14952 -1.13475 -1.14555 -1.06684 -0.965028 -0.991468 -1.02229 -0.973534 -0.982105 -1.02327 -1.11605 -1.15662 -1.17001 -1.12539 -1.10936 -1.12562 -1.1345 -0.562215 
-1.9784 -1.48175 -1.47411 -1.48982 -1.49273 -1.44029 -1.41142 -1.47221 -1.46326 -1.44078 -1.46615 -1.44677 -1.36143 -1.2396 -0.852564 -0.882432 -1.06969 -0.931662 -0.802689 -1.09063 -1.34077 -1.45798 -1.58576 -1.54563 -1.44432 -1.47275 -1.43834 0.195054 
-1.9746 -1.47045 -1.48269 -1.48781 -1.48306 -1.48622 -1.48773 -1.51154 -1.44376 -1.48352 -1.46348 -1.33652 -1.26822 -1.13769 -0.884433 -1.0551 -0.978744 -0.900964 -1.10594 -1.38501 -1.57642 -1.59866 -1.48695 -1.48732 -1.48528 -1.49596 -1.4669 0.165363 
-1.98708 -1.44144 -1.44795 -1.46166 -1.50726 -1.52959 -1.52958 -1.47357 -1.46523 -1.43451 -1.43091 -1.03268 -0.896017 -0.766998 -0.308497 -0.874994 -1.35622 -0.730911 -0.457731 -1.35087 -1.73764 -1.58884 -1.5324 -1.48009 -1.49108 -1.49022 -1.44724 0.175306 
-2.00535 -1.43879 -1.43415 -1.49153 -1.54505 -1.56482 -1.53821 -1.5022 -1.46206 -1.43826 -1.33516 -1.04811 -1.01974 -0.776862 -0.499399 -0.619193 -0.953803 -0.950655 -0.721423 -1.28238 -1.70697 -1.66952 -1.49273 -1.4873 -1.496 -1.46212 -1.40605 0.196859 
-1.99676 -1.42386 -1.42032 -1.5173 -1.55611 -1.55703 -1.50205 -1.35216 -1.31664 -1.36447 -1.29681 -0.732531 -0.946804 -1.07202 -0.609906 -0.740159 -0.792566 -0.835328 -0.3928 -1.12473 -1.77056 -1.56386 -1.48858 -1.52126 -1.48944 -1.42709 -1.37668 0.176678 
-1.96368 -1.41195 -1.41859 -1.4932 -1.52426 -1.50289 -1.3993 -0.884882 -0.660797 -0.67248 -0.957838 -0.857101 -1.05353 -0.98304 -0.732687 -0.740092 -0.850556 -0.923018 -0.482135 -1.24747 -1.81241 -1.59379 -1.48118 -1.47402 -1.46101 -1.42222 -1.38202 0.169623 
-1.93679 -1.43314 -1.46084 -1.49337 -1.50142 -1.40888 -0.910401 -0.652708 -0.770915 -0.920677 -0.768307 -0.663946 -0.991998 -1.05523 -0.903433 -1.0881 -1.06238 -0.779623 -0.58607 -1.29067 -1.86558 -1.57686 -1.49486 -1.47647 -1.42115 -1.41833 -1.41365 0.167341 
-1.90511 -1.46103 -1.45839 -1.45514 -1.38442 -0.954616 -0.693349 -0.239954 -0.411743 -0.966203 -1.3552 -1.3938 -1.04527 -0.993549 -1.15486 -1.23919 -1.20384 -1.2807 -1.05691 -1.44481 -1.78403 -1.52823 -1.51896 -1.43982 -1.39706 -1.43078 -1.43874 0.161603 
-1.94623 -1.50325 -1.46868 -1.38843 -1.09998 -0.838807 -0.245331 -0.630549 -1.42298 -1.58522 -0.980587 -1.29947 -1.81993 -1.26038 -1.49659 -1.60298 -1.18532 -0.771378 -1.2551 -1.70352 -1.4141 -1.44319 -1.46035 -1.41148 -1.40607 -1.44558 -1.46253 0.142718 
-1.89829 -1.5088 -1.42303 -1.31792 -0.928215 -0.410873 -0.743445 -1.52051 -1.45093 -1.39137 -1.3851 -1.03363 -1.44529 -1.41436 -1.55633 -1.64308 -0.90236 -1.04593 -0.579004 -0.580227 -1.19963 -1.46953 -1.45203 -1.44316 -1.41956 -1.45796 -1.47536 0.148548 
-1.94835 -1.45048 -1.42258 -1.31101 -0.695343 -0.422646 -0.877725 -1.729 -2.08795 -1.58678 -0.904863 -0.609088 -1.35102 -1.32914 -1.20144 -1.17493 -0.724797 -0.927619 -1.08648 -1.1433 -1.12236 -1.42153 -1.50076 -1.4795 -1.46129 -1.46575 -1.46499 0.171619 
-1.89435 -1.51977 -1.39809 -1.24981 -0.534486 -0.649867 -1.73267 -1.94906 -1.69269 -1.57135 -1.36625 -0.537912 -0.865706 -1.32909 -1.06536 -1.07218 -0.635159 -0.678352 -0.432901 -1.23046 -2.03146 -1.54852 -1.47101 -1.47995 -1.45666 -1.45945 -1.46636 0.175663 
-1.93771 -1.48831 -1.43725 -1.27414 -0.590013 -0.476671 -1.54894 -1.94782 -1.60339 -1.52801 -1.36394 -0.544297 -0.424603 -0.683267 -0.851688 -0.806891 -0.877887 -0.816139 -0.763158 -1.2617 -1.6526 -1.52168 -1.50315 -1.46976 -1.43044 -1.47249 -1.47553 0.171859 
-1.90582 -1.3898 -1.3809 -1.2152 -0.540388 -0.873814 -1.71023 -1.66046 -1.4932 -1.54701 -1.36775 -1.04162 -1.05389 -1.03107 -1.12738 -1.13249 -0.789304 -0.643137 -0.72302 -1.13355 -1.47476 -1.53605 -1.47161 -1.5029 -1.46806 -1.47961 -1.45493 0.175459 
-2.00751 -1.40698 -1.29501 -1.25183 -0.466162 -0.397599 -1.1103 -1.0463 -0.828576 -0.936208 -0.84567 -0.256147 -0.708793 -1.06178 -0.858231 -0.853124 -0.805377 -1.2017 -1.40487 -1.47013 -1.51525 -1.5149 -1.46849 -1.47286 -1.49647 -1.4611 -1.43538 0.167088 
-1.96171 -1.39654 -1.36813 -1.23413 -0.50533 -0.580721 -1.27999 -1.31611 -1.13313 -1.31298 -1.19591 -0.972425 -0.823104 -1.08238 -0.80967 -0.737723 -0.681899 -0.796719 -1.43925 -1.63234 -1.63563 -1.45947 -1.46388 -1.45694 -1.43307 -1.41678 -1.41403 0.148973 
-1.92447 -1.46186 -1.38743 -1.18803 -0.457724 -0.206979 -0.768055 -1.24836 -1.29562 -1.27526 -1.40882 -1.83722 -1.07445 -0.567909 -0.695381 -0.910128 -1.4172 -1.56897 -1.24988 -1.42106 -1.45726 -1.45839 -1.48166 -1.45722 -1.42423 -1.43513 -1.43866 0.138388 
-1.9447 -1.43584 -1.40178 -1.23937 -0.508785 -0.689679 -1.22163 -1.54134 -1.41359 -1.3134 -1.65509 -1.63558 -1.13246 -1.29888 -0.700227 -0.712262 -1.79047 -1.89134 -1.24446 -1.34904 -1.35829 -1.4333 -1.49824 -1.41409 -1.44966 -1.42701 -1.39564 0.165696 
-1.886 -1.46869 -1.43713 -1.27933 -0.6091 -0.674888 -1.0345 -1.50368 -1.51789 -1.049 -1.70253 -2.13847 -0.356861 -0.542211 -1.8211 -1.50775 -1.14253 -1.50792 -1.39804 -1.18234 -1.34715 -1.40544 -1.49506 -1.46724 -1.40849 -1.36178 -1.32643 0.235598 
-1.89246 -1.40114 -1.38832 -1.2213 -0.622842 -0.908838 -1.28139 -1.26737 -1.42589 -1.04367 -1.73912 -1.83586 -0.346541 -0.691528 -1.57687 -1.12731 -1.09518 -1.48158 -1.31735 -1.17966 -1.34267 -1.38928 -1.48964 -1.36757 -1.00507 -0.976901 -1.19089 0.236815 
-1.89357 -1.44571 -1.42607 -1.26364 -0.575433 -0.833979 -1.37177 -1.15591 -1.00194 -0.969745 -1.57445 -1.40194 -0.186365 -0.538109 -1.92786 -1.24331 -0.78586 -1.48392 -1.1536 -1.07524 -1.33634 -1.49812 -1.49241 -1.41988 -1.48103 -1.51789 -1.30953 0.289919 
-1.86221 -1.41606 -1.34054 -1.19484 -0.660721 -0.733145 -1.3235 -1.65855 -1.18856 -0.812404 -1.379 -1.91088 -1.01267 -1.07715 -2.02918 -1.43291 -0.617027 -0.99712 -1.31645 -1.35493 -1.40669 -1.41457 -1.43903 -1.12267 -0.731178 -1.20531 -1.59793 0.297918 
-1.90019 -1.39524 -1.32237 -0.93766 -0.434788 -0.918927 -1.45565 -1.32676 -1.11107 -1.36141 -1.61505 -1.60574 -1.14268 -0.979743 -1.54275 -1.11488 -0.707265 -0.74832 -0.803369 -1.10528 -1.72301 -1.44445 -1.42474 -1.22968 -1.12215 -1.15784 -1.17484 0.435026 
-1.97864 -1.3868 -1.31508 -1.39406 -1.18276 -1.21985 -1.23613 -1.3586 -0.994824 -0.801585 -0.715763 -1.18616 -1.49149 -0.856237 -0.300435 -0.258056 -0.450544 -0.449053 -1.05676 -1.09429 -1.51454 -1.35201 -1.10804 -1.0603 -1.00839 -1.10783 -1.15447 0.446565 
-1.84247 -1.27751 -1.20603 -0.805892 -0.899644 -1.60112 -1.18029 -0.778161 -0.550377 -0.946919 -1.29967 -1.04069 -1.16056 -1.29074 -0.698971 -0.139837 -0.850789 -1.3273 -1.42353 -1.0679 -1.3541 -1.65373 -1.19043 -1.19295 -1.02353 -1.10314 -1.17672 0.443673 
-1.82791 -1.13589 -1.16091 -1.33867 -1.21699 -1.12931 -1.16626 -1.20965 -1.4621 -1.60268 -0.809489 -1.08422 -0.81742 -0.646873 -0.997552 -1.11783 -1.6016 -1.4118 -1.70856 -1.4749 -1.13572 -0.97582 -0.96836 -1.54498 -1.22374 -1.07584 -1.14437 0.465812 
-0.731755 0.0444936 0.121407 0.113705 0.0470728 0.0970664 0.388705 0.375629 0.419411 -0.00173024 -0.201393 0.120864 0.168525 0.510765 0.469879 0.0882479 -0.491717 -0.165658 0.0601754 -0.141027 0.257377 -0.104131 -0.0610323 -0.0404965 -0.0489202 0.19498 0.130771 1.04421 

0.638775 0.941629 1.0697 1.0593 1.08134 1.03732 1.08617 1.08814 1.05725 1.08471 1.10145 1.13721 1.15692 1.14157 1.10431 1.07407 1.06905 1.06986 1.1506 1.19529 1.33145 1.3425 1.40346 1.51273 1.43209 1.26336 1.23061 0.797468 
0.0839729 0.69937 0.692545 0.407148 0.405638 0.775715 0.736649 0.695271 0.727329 0.706966 0.646498 0.66467 0.641275 0.678397 0.702282 0.705736 0.681669 0.698279 0.773495 0.808698 0.802697 0.835453 1.15049 1.50845 1.60496 1.43067 1.41704 1.21228 
1.15046 1.22685 0.934804 0.930671 1.06128 1.16452 0.738018 0.740217 0.720766 0.720548 0.658539 0.673636 0.702916 0.672504 0.699802 0.703682 0.718558 0.713381 0.766286 0.781831 0.879048 0.847215 0.827169 0.946844 1.00012 1.58299 1.80372 1.28748 
0.664334 0.414604 0.724609 0.902004 0.832255 0.846804 0.672468 0.684769 0.709525 0.696838 0.673973 0.676996 0.692701 0.682003 0.653935 0.687563 0.689054 0.68391 0.742302 0.804882 0.888118 0.899735 0.650031 0.463571 0.536512 0.679466 0.831976 0.728216 
0.605995 0.779081 0.830906 0.995976 0.897948 1.04367 0.838771 0.694975 0.70191 0.712266 0.6977 0.748896 0.758624 0.747481 0.729882 0.715358 0.685959 0.665741 0.742829 0.820688 0.883546 0.909509 0.903137 0.86684 1.08883 1.18426 1.07409 1.09365 
0.508964 0.580099 0.707743 0.976485 0.989829 0.979208 0.820717 0.770142 0.693972 0.696134 0.738165 0.788903 0.822064 0.832396 0.798337 0.754977 0.691582 0.709498 0.735032 0.775133 0.952157 0.957748 0.919624 0.948242 0.956532 0.964299 0.968264 0.936695 
0.539235 0.69835 0.807784 0.991575 0.963215 1.01889 0.79523 0.779995 0.661382 0.350541 0.128714 0.336362 0.418334 0.751546 1.00098 0.873045 0.809171 0.733569 0.776499 0.788367 0.864419 0.958736 0.923008 0.892469 0.937735 0.914507 0.927991 0.920178 
0.568928 0.766307 0.73783 0.891162 0.968813 1.09407 0.823867 0.755384 0.816601 0.755627 0.918037 1.53265 1.55212 1.23661 0.964403 0.650633 0.957636 1.19733 0.96509 0.938047 0.792389 0.895283 0.938144 0.921553 0.92624 0.930613 0.90607 0.905604 
0.535408 0.613921 0.754654 0.959739 0.998315 1.0567 0.808207 0.64074 0.287363 0.51655 1.16254 1.44153 1.43567 1.38007 1.42964 1.68899 1.30156 1.34848 0.894434 0.727814 0.849987 0.891983 0.862123 0.833901 0.81761 0.835914 0.886196 0.878743 
0.576101 0.740819 0.80536 0.982805 1.00348 1.05946 0.816977 0.271599 0.33059 1.17609 1.64267 1.23887 1.26271 1.27378 1.33854 1.5064 1.55398 1.26155 1.07339 0.832005 0.996861 0.901032 0.858686 0.869448 0.912734 0.924705 0.943172 0.897352 
0.554852 0.710499 0.798805 0.957839 1.00025 0.994714 0.803806 1.09553 1.41656 1.62346 0.883349 0.874042 1.01764 1.17866 1.16462 1.62045 1.38205 0.71838 0.527857 0.766216 0.877608 0.872026 0.929254 0.927807 0.910628 0.915168 0.921166 0.880356 
0.57386 0.673214 0.73409 0.954104 0.902468 0.842041 0.573413 0.951547 1.42984 1.45831 1.29476 1.52246 1.37696 1.35956 1.42932 1.28309 0.702978 0.437795 0.755154 0.790814 0.943722 0.89219 0.88407 0.880357 0.907689 0.928006 0.918886 0.919118 
0.523607 0.693678 0.780263 0.990312 0.915872 0.744407 0.866854 1.44879 1.72689 1.75272 1.87267 1.69035 1.53687 1.76713 1.42655 0.689756 0.419396 0.67977 0.764357 0.837124 0.890579 0.909198 0.901612 0.891748 0.910067 0.913705 0.94449 0.929567 
0.581128 0.683693 0.774099 0.936981 1.04018 1.43337 1.55977 1.69483 1.23021 1.25911 1.49607 1.40537 1.58989 1.2876 0.765605 0.306711 0.661694 0.71568 0.777636 0.779325 0.882016 0.883967 0.89087 0.917405 0.884642 0.878744 0.890416 0.89891 
-0.0379517 0.468003 0.463683 0.921618 1.1395 0.974166 0.688168 0.233391 0.640443 0.645129 1.12712 1.71489 1.57751 0.983791 0.522552 0.72164 0.713034 0.715838 0.849953 0.822946 0.911403 0.939613 0.908825 0.918215 0.94104 0.929824 0.936717 0.897644 
1.27945 1.77642 1.64462 1.63389 1.50554 0.780381 0.79962 0.753097 0.982921 1.24979 1.23083 1.09229 0.902749 0.653818 0.694496 0.675254 0.723134 0.83627 0.880446 0.921301 0.854308 0.925794 0.918056 0.902029 0.911844 0.872076 0.887679 0.901272 
0.401711 0.531191 0.763499 0.693917 0.620281 0.820305 0.794222 0.933392 0.986448 1.21366 0.975574 0.665219 0.564951 0.896851 0.468963 0.560367 0.543275 0.490702 0.529266 0.702583 0.746625 0.760336 0.743427 0.729719 0.759894 0.822682 0.874359 0.880486 
0.787706 1.24322 1.04175 1.01483 0.934813 1.24824 1.16004 1.05229 1.00751 0.898971 0.817716 1.21068 1.19511 1.22089 1.14534 1.19398 1.17603 1.15684 1.24335 1.26259 1.1986 1.14177 1.1538 1.16827 1.14928 1.12701 1.09285 0.948034 
0.922921 1.12974 1.12394 1.07429 1.09319 0.958955 1.18179 1.25554 1.1784 1.18677 1.29411 1.34364 1.43273 1.2382 1.31953 1.20012 1.20307 1.20172 1.17525 1.17212 1.17345 1.19687 1.17715 1.13629 1.12622 1.14814 1.15392 0.949434 
0.813629 1.08091 1.08576 0.983663 0.674123 0.646794 0.369825 0.386034 0.800028 1.36047 1.40673 0.928283 1.02929 1.36739 1.62791 1.51598 1.42122 1.38816 1.34646 1.36598 1.40235 1.39228 1.34889 1.32932 1.37263 1.36337 1.32577 0.974478 
1.15697 1.49005 1.31659 1.14391 0.97671 0.82903 1.10493 1.11503 1.23628 1.2825 1.58262 1.1464 1.18514 1.34044 1.56538 1.04154 1.02572 1.01739 1.06574 1.1035 1.0846 1.06104 1.063 1.06156 1.0478 1.0444 1.02118 0.826887 
0.868811 0.960114 1.01008 1.04012 1.04992 0.944631 0.803683 0.894273 1.02776 0.994339 0.899645 0.778138 0.884645 0.866246 0.961392 0.94767 1.11457 1.16602 1.1557 1.15634 1.0987 1.06485 1.03674 1.04189 1.04369 1.04797 1.06752 0.964965 
0.877411 1.12754 1.11101 1.18189 1.17571 1.15011 1.18623 1.06432 0.79578 0.509814 0.309588 0.723279 0.839098 0.790379 0.538232 0.846534 0.92858 1.04295 1.08607 1.0575 1.05327 1.08125 1.10503 1.11395 1.11599 1.0832 1.06868 1.04892 
0.892854 0.933753 1.02252 1.04882 1.12056 1.12345 1.09021 1.27162 1.347 1.35402 1.34823 1.26132 1.30184 1.25745 1.21637 1.03115 0.975346 0.941289 0.961676 0.957821 0.969807 0.970779 0.960247 0.952052 0.965978 0.957459 0.967678 0.989418 
0.606932 0.7197 1.01384 1.00184 0.99156 0.998827 0.978691 1.13741 1.32217 1.33922 1.33549 1.32911 1.31708 1.37833 1.29508 1.1529 0.994149 0.913301 0.875935 0.897551 0.879206 0.890431 0.89025 0.900191 0.887608 0.883703 0.872511 0.901231 
0.647342 1.06709 0.892555 0.899127 0.92472 0.91998 0.921582 0.928414 1.02617 1.03711 1.05997 1.06171 1.09127 1.08717 1.08418 1.0609 1.00593 0.95474 0.913287 0.92568 0.913165 0.911345 0.900886 0.887856 0.867951 0.868333 0.850381 0.883216 
0.70762 0.910955 0.839101 0.89537 0.889326 0.875491 0.876446 0.85745 0.869845 0.874709 0.897794 0.920726 0.939353 0.908233 0.911292 0.911611 0.918249 0.912092 0.90984 0.919262 0.90569 0.900867 0.886697 0.887932 0.882614 0.888475 0.911055 0.931785 
1.1217 1.16983 1.17096 1.1801 1.19563 1.19168 1.19905 1.20153 1.19834 1.18366 1.18686 1.21462 1.20722 1.15974 1.15132 1.18527 1.17843 1.17269 1.17617 1.17499 1.17331 1.16669 1.16263 1.15796 1.16643 1.17153 1.16499 0.864132 

-0.228113 -0.502811 -0.580848 -0.611823 -0.663463 -0.571256 -0.502984 -0.608847 -0.658532 -0.564403 -0.51989 -0.601835 -0.611994 -0.581922 -0.570556 -0.627812 -0.659891 -0.641035 -0.733282 -0.731064 -0.754283 -0.799173 -0.877282 -1.18269 -1.58276 -1.54845 -1.54439 -0.560845 
-1.24181 -1.15731 -0.954281 -1.39852 -1.28356 -0.95879 -0.742579 -0.742061 -0.757615 -0.713128 -0.699632 -0.822247 -0.837646 -0.785716 -0.777096 -0.787192 -0.826435 -0.781726 -1.07634 -1.18835 -1.07695 -1.08243 -0.85782 -0.990773 -1.50552 -1.74271 -1.55529 0.41372 
-0.378314 -0.477721 -0.721091 -1.09844 -0.867771 -0.700147 -0.52401 -0.712671 -0.801637 -0.725564 -0.713726 -0.818136 -0.794302 -0.756572 -0.760025 -0.804745 -0.825592 -0.758583 -1.10102 -1.18369 -1.03529 -1.03231 -0.887153 -1.09687 -1.46704 -1.23113 -0.725217 0.821087 
-1.13748 -0.3844 -0.601002 -1.63905 -1.23607 -0.375582 -0.404923 -0.671317 -0.748133 -0.783612 -0.805914 -0.814223 -0.86368 -0.776149 -0.747716 -0.832658 -0.843277 -0.788485 -1.10847 -1.21122 -1.08482 -1.01457 -0.621902 -0.904766 -1.68736 -2.20161 -1.7181 0.264625 
-0.655042 -0.692388 -0.834186 -1.75648 -1.0182 -0.45832 -0.551634 -0.639409 -0.753439 -0.730344 -0.723091 -0.743359 -0.75153 -0.74162 -0.743853 -0.787032 -0.80864 -0.751351 -1.13211 -1.23523 -1.0421 -1.02846 -0.661273 -0.593634 -0.939853 -0.937811 -0.968511 -0.377414 
-0.692571 -0.913386 -0.829772 -1.79386 -1.33491 -0.434046 -0.456792 -0.676128 -0.727654 -0.662824 -0.601969 -0.592634 -0.620192 -0.657416 -0.718432 -0.77263 -0.771311 -0.786095 -1.16556 -1.20229 -0.979701 -0.948808 -0.987662 -0.993773 -1.02528 -1.00226 -0.78724 -0.00317563 
-0.658388 -0.784115 -0.777429 -1.93231 -1.3783 -0.361923 -0.402174 -0.690192 -0.71322 -1.02454 -1.21265 -1.32053 -1.40523 -1.10854 -0.879179 -0.745749 -0.749381 -0.7964 -1.126 -1.15123 -0.966069 -0.943316 -0.977729 -0.998055 -0.987229 -0.968895 -1.01895 -0.0477559 
-0.695681 -0.867933 -0.774211 -1.82851 -1.438 -0.439644 -0.296282 -0.549371 -0.562393 -0.775852 -0.636596 -0.641088 -0.678887 -0.837798 -1.136 -1.37748 -1.00602 -0.765129 -0.927379 -1.03849 -0.827243 -0.95195 -1.0095 -0.894847 -0.947225 -0.972533 -1.03418 -0.0580093 
-0.707257 -0.907604 -0.791103 -1.84255 -1.41468 -0.423405 -0.387034 -0.58536 -1.11413 -1.68401 -1.28823 -0.767434 -0.730531 -0.203117 -0.124878 -0.664691 -0.784309 -0.935764 -1.19507 -1.28344 -1.01307 -0.917338 -1.01249 -1.02444 -0.971497 -1.01527 -1.09044 -0.0365327 
-0.643454 -0.768071 -0.790443 -1.89717 -1.38634 -0.381637 -0.33762 -1.1682 -1.48993 -1.70007 -1.3155 -0.64845 -0.687761 -0.620775 -0.5933 -0.855394 0.105367 0.07711 -0.938394 -1.14876 -1.152 -0.955898 -0.979162 -0.94821 -0.964995 -1.00456 -1.08732 -0.0507095 
-0.673767 -0.866022 -0.724166 -1.79515 -1.46614 -0.391141 -0.339074 -0.923278 -1.29766 -1.4855 -1.08221 -1.12067 -0.828828 -0.642819 -0.540603 -0.450255 -0.315405 -0.082702 -0.907089 -1.25086 -0.947773 -0.973143 -0.977832 -0.968673 -0.983656 -0.997719 -1.07321 -0.023175 
-0.59841 -0.850801 -0.79591 -1.91164 -1.46195 -0.452705 -0.659815 -1.93609 -1.81144 -0.813258 -0.704421 -0.904087 -0.67292 -0.711244 -0.31383 -0.388209 -0.262243 -0.368021 -1.17937 -1.14955 -0.978561 -0.96693 -1.02815 -1.00252 -0.976085 -0.96905 -1.04835 -0.0239844 
-0.634598 -0.863849 -0.827116 -1.86955 -1.41479 -0.607155 -0.554815 -1.23108 -1.0962 -1.14871 -1.1936 -0.649491 -0.310727 0.00453704 -0.188681 0.0019506 -0.350513 -0.888061 -1.2402 -1.12062 -0.905478 -0.987649 -0.942562 -0.969941 -1.00378 -0.946235 -1.01519 -0.0142206 
-0.684403 -0.922166 -0.929321 -1.82841 -1.36862 -0.178008 -0.0997473 -0.256261 -0.399441 -0.866513 -1.06694 -0.847172 -0.301899 -0.181776 -0.0562209 -0.159746 -0.858167 -0.808381 -1.19588 -1.13289 -0.929068 -1.00779 -0.977218 -0.948583 -0.951738 -0.964925 -1.04188 -0.0385583 
-1.62722 -1.70697 -1.51823 -1.97932 -1.40382 -0.713981 -0.789288 -0.573601 -0.684512 -0.516026 -0.748616 -0.459197 -0.334952 0.186417 -0.136197 -0.873254 -0.828316 -0.855552 -1.20477 -1.12292 -0.961569 -0.998392 -0.95927 -0.950425 -0.97438 -0.962239 -1.03917 -0.0509873 
-0.633894 -0.539693 -0.463055 -0.786868 -0.595836 -0.0735357 -0.323934 -0.510184 -1.07039 -0.897294 -0.395941 -0.619698 -0.390044 -0.224954 -0.7507 -0.852006 -0.787853 -0.774916 -1.10561 -1.15922 -0.916426 -1.00075 -0.940067 -0.955058 -1.04109 -1.05716 -1.07078 -0.0189492 
-2.01361 -1.29981 -1.06075 -0.770615 -0.593804 -0.403405 -0.814163 -0.95024 -0.639965 -1.00147 -0.823036 -0.411316 -0.399797 -1.2589 -1.53757 -1.44824 -1.30255 -1.36809 -1.62797 -1.61852 -1.32417 -1.26205 -1.30555 -1.2797 -1.30008 -1.28498 -1.21254 -0.0194831 
-1.29831 -0.939893 -0.953675 -0.690302 -0.528654 -0.813398 -0.820041 -0.708871 -0.706161 -0.876037 -0.955913 -0.887393 -0.520265 -0.926135 -1.38782 -1.34411 -1.10856 -1.0349 -1.24905 -1.39575 -1.31482 -1.19963 -1.17543 -1.16466 -1.1894 -1.24723 -1.16186 0.105593 
-1.82667 -1.07751 -0.590973 -0.480925 -0.430765 -0.542899 -0.753895 -0.526236 -0.0220193 -0.163632 -0.676773 -1.09978 -0.783002 -1.05707 -1.71647 -1.3469 -1.1992 -1.25591 -1.28887 -1.2902 -1.24111 -1.22487 -1.24581 -1.23683 -1.24363 -1.22241 -1.07574 0.258089 
-2.00735 -1.23627 -1.05433 -0.864759 -0.766425 -0.750502 -1.35266 -1.35642 -0.739042 -0.321219 -0.606399 -0.558817 -0.765359 -1.21315 -1.36135 -1.02235 -0.842968 -0.881675 -0.900856 -0.95097 -0.948559 -0.900065 -0.867249 -0.846783 -0.902222 -0.904976 -0.818376 0.409744 
-1.6205 -0.857065 -0.670379 -0.777713 -0.788446 -0.712387 -0.406405 -0.239262 -0.540517 -0.559262 -0.921957 -0.25835 -0.297206 -0.723448 -1.287 -1.15786 -1.03969 -1.04327 -1.00643 -0.979509 -0.933657 -0.923633 -0.919658 -0.897897 -0.909421 -0.878799 -0.832186 0.33853 
-1.67596 -1.00948 -0.888555 -0.924849 -1.01013 -0.718105 -1.08169 -1.03876 -0.477955 -0.126945 -0.939562 -1.33061 -0.880952 -0.646977 -0.793326 -0.800289 -0.693166 -0.782801 -0.81059 -0.782639 -0.694545 -0.739563 -0.826338 -0.812081 -0.801432 -0.732869 -0.734198 0.178671 
-1.13093 -0.731597 -0.819943 -0.96073 -0.877167 -0.672621 -0.61935 -1.22972 -1.84644 -1.05759 -0.831084 -1.09654 -1.46109 -1.02204 -0.675145 -0.804793 -0.428207 -0.554362 -0.676155 -0.697685 -0.666888 -0.663896 -0.644724 -0.628887 -0.673636 -0.627508 -0.683178 0.0762741 
-0.888661 -0.676359 -0.708956 -0.727222 -0.690733 -0.616094 -0.764189 -1.14924 -1.02848 -0.656493 -0.541971 -0.762414 -0.94559 -0.785577 -0.526504 -0.23154 -0.252461 -0.506298 -0.645653 -0.645251 -0.657642 -0.693434 -0.704245 -0.64868 -0.632359 -0.565505 -0.58326 0.0381757 
-0.995551 -0.596597 -0.619112 -0.658112 -0.667938 -0.602676 -0.624127 -1.03899 -1.14039 -0.716238 -0.589532 -0.478065 -0.630443 -0.840309 -0.662365 -0.353146 -0.306142 -0.549436 -0.677784 -0.69639 -0.662096 -0.649148 -0.63918 -0.616287 -0.619262 -0.584445 -0.601266 0.00765122 
-0.824558 -0.896912 -0.579223 -0.61162 -0.595455 -0.595432 -0.658856 -0.768871 -0.768933 -0.610396 -0.609764 -0.639761 -0.669277 -0.635526 -0.645733 -0.59492 -0.546321 -0.594279 -0.631336 -0.651601 -0.636482 -0.632887 -0.613497 -0.610439 -0.592582 -0.607512 -0.602601 0.0214784 
-0.758522 -0.664235 -0.527753 -0.586112 -0.599793 -0.612898 -0.67534 -0.705903 -0.680999 -0.582275 -0.57786 -0.649882 -0.670979 -0.591003 -0.563244 -0.590743 -0.586562 -0.592971 -0.601874 -0.605282 -0.611445 -0.611905 -0.595159 -0.589431 -0.569818 -0.572926 -0.583429 0.0428831 
-0.339169 -0.0192574 -0.0257496 -0.0418476 -0.0688329 -0.0844587 -0.1298 -0.129077 -0.0824199 -0.0304614 -0.0505978 -0.120873 -0.134801 -0.053004 -0.0200892 -0.0701299 -0.0677443 -0.078489 -0.0780325 -0.077604 -0.0725019 -0.0721955 -0.0655411 -0.0855565 -0.0793045 -0.0767162 -0.0808992 0.260112 

0.623623 1.22118 1.20847 1.17824 1.17204 1.17226 1.19908 1.22006 1.23231 1.22468 1.19621 1.20761 1.19911 1.23781 1.22909 1.2323 1.22104 1.24498 1.22489 1.24836 1.24714 1.21587 1.23996 1.22534 1.29956 1.22166 0.971644 0.984575 
0.549838 0.897088 0.920784 0.91937 0.887931 0.870999 0.876795 0.87592 0.871204 0.874853 0.868418 0.882915 0.896083 0.885835 0.861476 0.821746 0.848815 0.855617 0.861704 0.876029 0.910477 0.868413 0.998957 0.998097 0.709136 0.813681 0.972245 1.00186 
0.532845 0.871251 0.902078 0.921014 0.903362 0.900349 0.887891 0.890286 0.883904 0.901559 0.911759 0.915912 0.899273 0.892746 0.86781 0.888129 0.87156 0.900384 0.914538 0.863499 0.944499 0.925285 0.648518 0.723971 0.944524 1.37237 1.06919 0.66256 
0.516315 0.858607 0.86898 0.884352 0.895126 0.923945 0.917067 0.92043 0.899231 0.886133 0.881992 0.874828 0.863367 0.880137 0.892207 0.885471 0.857488 0.850542 0.930566 0.93862 0.758149 0.84027 0.934906 1.26675 1.13726 0.697069 0.843786 0.736398 
0.53596 0.871485 0.887972 0.902936 0.904201 0.918937 0.924062 0.924044 0.900167 0.901625 0.884912 0.888507 0.876973 0.896271 0.92572 0.958074 0.980332 0.925106 0.744195 0.858162 0.961289 1.07215 1.10917 0.874053 0.965907 0.939429 1.2322 1.14199 
0.585986 0.921703 0.901822 0.881655 0.890377 0.890061 0.873886 0.867965 0.900512 0.918956 0.926812 0.929288 0.959053 0.928739 0.907185 0.916223 0.816488 0.850292 1.05044 1.02616 1.01008 0.943025 1.02787 1.09031 1.18047 1.3017 1.23945 1.04678 
0.578579 0.953714 0.922154 0.905143 0.886808 0.876765 0.86754 0.85469 0.883774 0.917462 0.900819 0.906222 0.9135 0.914443 0.873826 0.909306 1.12861 1.05494 0.978174 0.948415 1.02333 1.10967 1.1664 1.19342 1.20104 1.42827 1.3382 0.960167 
0.616928 0.940309 0.940403 0.94087 0.900807 0.889925 0.922694 0.943324 0.942776 0.942588 0.931865 0.98291 0.912164 0.975448 1.18229 0.989138 0.784318 0.891451 0.978133 1.16717 1.20297 1.19026 1.20134 1.34287 1.26797 0.784529 0.978257 1.06415 
0.595753 0.949054 0.946625 0.896792 0.920748 0.928479 0.898436 0.945009 0.973837 1.01537 0.904235 0.914673 1.26112 0.826583 0.630116 0.922933 1.03052 1.17621 1.24684 1.18148 1.11102 1.29445 1.20931 0.846794 1.11118 1.22952 1.39111 1.48081 
0.76458 0.919063 0.893419 0.937365 1.00524 1.10126 1.22288 1.06628 0.774844 0.856127 1.12887 0.690051 0.512916 0.833417 0.930522 1.23773 1.2289 1.21287 1.14052 1.14725 1.12604 1.0719 1.15102 1.03452 1.32885 1.47962 1.35468 1.24935 
0.531251 0.918004 1.00238 1.01193 0.929574 0.714974 0.559194 0.692537 0.860972 0.689517 0.663839 0.950232 1.02207 1.33934 1.33959 1.12295 1.17662 1.18299 1.19368 1.15157 1.12788 1.03409 1.13496 1.12701 1.30451 1.34191 1.33788 1.25048 
0.387091 0.674909 0.586475 0.529634 0.554839 0.641988 0.712158 0.733498 0.763507 0.933223 1.33822 1.68821 1.57669 1.45365 1.13751 1.17559 1.13221 1.13428 1.14039 1.19643 1.14106 1.07405 1.16037 1.11014 1.29071 1.30231 1.47221 1.33012 
0.578265 0.939559 0.98916 1.01869 1.03805 1.14127 1.15766 1.18556 1.19217 1.36707 0.994706 0.893027 1.07934 1.40778 1.1923 1.02488 1.18916 1.17395 1.16092 1.16311 1.17046 1.03927 1.12155 1.10314 1.32809 1.35537 1.18136 1.11643 
0.608182 0.952238 0.899652 0.890328 0.842784 1.00996 0.98398 0.594744 0.962749 0.991807 1.20993 1.11289 1.09416 0.66183 1.12223 1.23115 1.15956 1.14416 1.376 1.47648 1.20529 1.103 1.32102 1.40176 1.40041 1.25203 0.982709 1.08916 
0.581187 0.94356 1.02155 0.929484 0.774716 0.571769 0.955925 1.18007 1.55078 1.54151 1.45271 1.46019 1.2895 1.43226 1.54138 1.90711 1.57572 1.57797 1.41507 1.24162 1.04653 0.747033 0.883935 1.01072 1.08404 0.992423 0.939312 1.11894 
0.634764 0.96744 0.797396 0.725047 0.834279 1.14783 1.23588 1.59779 1.34808 1.35519 1.33734 1.33212 1.31333 1.33875 1.13168 1.0697 0.95384 0.396741 0.611934 0.707886 0.933152 0.880273 1.11367 1.11421 1.14114 1.0589 1.06656 1.18527 
0.616705 0.902726 0.85272 1.20164 1.30363 1.08273 1.25211 1.23241 1.19702 1.2268 1.21938 1.19608 1.19634 1.22986 1.30658 1.06308 1.29963 1.26325 1.04725 1.07683 0.861166 0.958717 1.1228 1.06037 1.10167 1.15893 1.12441 1.18706 
0.594531 0.949222 0.926474 0.730522 1.0538 0.913859 0.967575 1.19817 1.25632 1.27137 1.22189 1.219 1.21945 1.19429 1.26245 1.37964 1.36791 1.57287 1.08089 0.987799 0.88099 0.959704 1.16875 1.05093 0.966031 1.02913 1.14139 1.1544 
0.630451 0.91832 0.879238 0.851308 0.709014 0.956667 0.832677 1.02462 1.1945 1.22347 1.21047 1.21126 1.19725 1.19935 1.24963 1.30487 1.21677 1.33478 1.34472 0.976855 0.965629 0.986596 1.12759 1.06944 1.0508 1.13611 1.36189 1.17453 
0.59573 0.947665 0.891677 0.895034 0.818055 0.862291 0.992313 0.864042 1.13032 1.21241 1.22773 1.24742 1.24245 1.23739 1.25406 1.25592 1.27793 1.34683 1.43112 0.98724 0.937865 0.923706 1.13135 1.14771 1.25701 1.29246 1.68174 1.4092 
0.598234 0.897866 0.928613 0.909095 0.85251 0.800718 1.11058 1.0229 0.822873 1.14305 1.24681 1.2489 1.22042 1.24711 1.28143 1.20385 1.21011 1.02153 0.984179 1.08689 0.896853 0.920192 1.35397 1.17603 1.11021 1.45068 1.12766 0.917283 
0.628167 0.940912 0.942375 0.901633 0.905063 0.877662 0.630212 0.828479 0.84211 0.996026 1.08739 1.1962 1.24507 1.21032 1.12134 1.15904 1.16533 1.32124 1.15415 1.15109 0.900094 1.03495 1.17584 1.17467 1.1313 1.08621 0.768746 0.834803 
0.607998 0.920934 0.926546 0.920255 0.905971 0.912747 0.848748 0.846142 1.02144 0.884572 1.10534 1.19262 1.19669 1.20309 1.22882 1.57575 1.74758 1.37958 1.122 0.828146 0.841218 0.813847 1.26809 1.18219 0.880326 1.29171 1.31816 1.01901 
0.59978 0.952833 0.944854 0.966412 0.936091 0.931643 0.880329 0.826256 0.870514 1.00922 1.15813 1.09885 1.11823 1.25847 1.23089 0.797201 0.452296 0.239311 0.151054 0.193899 0.644149 0.902455 0.51561 1.0993 1.56349 0.947137 0.523648 0.772996 
0.586029 0.916465 0.896886 0.927536 0.945985 0.964683 0.994466 0.898205 0.988953 1.24495 1.17693 1.24442 1.25854 1.30664 1.01124 0.714083 0.765379 0.971718 1.00483 1.012 1.10849 1.16268 1.12875 1.14187 1.49523 0.786105 0.605683 1.28117 
0.593259 0.91727 0.975047 0.940876 0.916175 0.888314 0.782178 0.863516 0.7662 0.957526 0.791148 0.819495 0.872955 0.755766 0.875627 1.09409 1.21932 1.01251 1.0552 1.12318 1.12062 1.0962 1.20518 1.06452 0.951717 0.817349 0.849884 1.07483 
0.607721 0.922878 0.954042 0.954015 0.854695 0.877814 0.806042 0.881753 1.03011 0.877252 0.865399 0.807251 0.807997 0.825645 0.981844 1.14859 1.11199 1.12047 1.18356 1.20169 1.19624 1.1975 1.20389 1.08463 1.03016 0.980526 0.978429 1.14784 
1.49961 1.54549 1.52836 1.56927 1.49069 1.36045 1.40625 1.47858 1.5691 1.48248 1.45947 1.45662 1.43922 1.4834 1.54243 1.54743 1.66257 1.87506 1.91494 1.88763 1.85987 1.78897 1.84139 1.56871 1.12944 1.46724 1.86332 1.21589 

-0.577624 -1.07389 -1.11599 -1.08783 -1.07972 -1.06163 -1.06704 -1.0552 -1.07122 -1.07633 -1.06212 -1.05199 -1.03235 -1.02831 -1.03528 -1.03564 -1.02697 -1.05119 -1.05595 -1.04618 -1.04472 -1.04417 -1.05807 -1.06061 -0.948221 -1.07199 -1.13568 -0.770418 
-1.5003 -1.4192 -1.45692 -1.4287 -1.40879 -1.42121 -1.43609 -1.45867 -1.4803 -1.45795 -1.4263 -1.39419 -1.38745 -1.39399 -1.40865 -1.42312 -1.37961 -1.44695 -1.44966 -1.40321 -1.43952 -1.3548 -1.27515 -1.35574 -1.39206 -1.58833 -1.17065 -0.0403169 
-1.53335 -1.4235 -1.44142 -1.43352 -1.42427 -1.43824 -1.44959 -1.44839 -1.44634 -1.44307 -1.40848 -1.3852 -1.38519 -1.39935 -1.42658 -1.37455 -1.38527 -1.41727 -1.41141 -1.39685 -1.3458 -1.41509 -1.48799 -1.71562 -1.31219 -1.2557 -1.48666 -0.047388 
-1.59136 -1.45624 -1.43124 -1.42538 -1.43189 -1.44961 -1.43913 -1.44178 -1.44472 -1.44169 -1.45204 -1.43166 -1.42554 -1.44047 -1.44034 -1.43938 -1.40964 -1.43468 -1.40777 -1.3377 -1.43901 -1.59491 -1.29573 -1.29503 -1.60236 -1.76697 -1.5685 0.0376586 
-1.62514 -1.44296 -1.39493 -1.37846 -1.3994 -1.42821 -1.42172 -1.43299 -1.45934 -1.46646 -1.45974 -1.44467 -1.43537 -1.41582 -1.40404 -1.34491 -1.34454 -1.40511 -1.48567 -1.57844 -1.35565 -1.45014 -1.70466 -1.71775 -1.45643 -1.12086 -1.7558 -0.236215 
-1.62694 -1.40076 -1.35498 -1.34839 -1.39405 -1.43723 -1.44316 -1.45233 -1.46892 -1.45945 -1.44354 -1.42001 -1.41677 -1.37236 -1.3542 -1.38041 -1.53255 -1.50826 -1.33723 -1.37868 -1.65681 -1.71932 -1.58469 -1.26352 -1.56244 -1.68037 -1.46637 0.165047 
-1.60225 -1.36695 -1.34998 -1.3684 -1.42381 -1.46866 -1.47131 -1.4986 -1.48545 -1.46026 -1.43755 -1.4342 -1.42227 -1.4126 -1.43858 -1.41839 -1.31869 -1.42981 -1.67466 -1.56655 -1.52887 -1.51774 -1.61422 -1.57213 -1.37537 -1.09156 -1.16691 0.311787 
-1.51151 -1.33378 -1.35169 -1.36086 -1.42401 -1.44541 -1.45039 -1.44491 -1.41445 -1.40861 -1.39497 -1.35157 -1.41538 -1.32835 -1.26891 -1.35945 -1.73027 -1.73352 -1.50102 -1.56665 -1.61349 -1.54382 -1.41016 -1.12427 -1.21795 -1.33479 -1.50894 0.192403 
-1.50638 -1.31751 -1.38578 -1.42083 -1.40811 -1.40805 -1.41802 -1.42709 -1.35263 -1.2604 -1.4437 -1.3046 -1.13843 -1.35645 -1.66382 -1.63535 -1.38125 -1.55691 -1.74032 -1.62739 -1.49507 -1.24756 -1.25578 -1.3223 -1.34375 -0.835486 -1.24085 0.017642 
-1.29736 -1.26865 -1.34261 -1.31237 -1.31611 -1.14185 -0.91676 -1.05854 -1.31353 -1.29694 -1.28521 -1.35961 -1.81322 -1.72344 -1.34075 -1.7042 -1.75843 -1.55352 -1.52851 -1.52703 -1.49546 -1.2005 -1.27397 -0.942061 -1.16236 -1.45573 -1.22365 0.440728 
-1.46668 -1.16065 -1.07313 -1.07959 -1.03536 -1.1734 -1.3474 -1.32826 -1.20862 -1.26323 -1.75969 -1.49096 -1.02046 -1.78002 -1.84195 -1.43043 -1.45562 -1.53326 -1.53686 -1.55659 -1.51276 -0.89786 -1.35166 -1.43781 -1.06936 -1.06629 -1.11878 0.434592 
-1.43006 -1.66117 -1.65158 -1.48579 -1.35123 -1.19907 -1.01037 -1.56531 -2.00261 -1.39816 -0.770312 -1.24212 -1.00548 -0.993936 -1.22598 -1.35529 -1.44673 -1.53187 -1.64091 -1.59485 -1.46383 -0.882977 -1.28416 -1.38513 -1.09233 -1.09275 -0.91562 0.573857 
-1.29444 -1.14252 -1.23974 -1.23972 -1.19465 -1.15618 -1.01109 -0.899337 -1.00743 -1.2526 -1.33651 -1.20448 -0.944327 -0.827721 -1.10705 -1.27257 -1.35321 -1.46751 -1.54168 -1.57169 -1.52568 -0.878883 -1.28211 -1.40724 -1.03092 -1.06301 -0.919922 0.383173 
-1.50434 -1.38297 -1.35019 -1.26928 -1.26245 -0.8704 -1.01445 -1.32197 -1.4767 -1.15968 -0.530707 -0.662699 -0.990666 -1.53499 -1.85461 -1.36828 -1.37842 -1.48614 -1.23913 -1.12216 -1.25182 -0.750631 -1.02195 -1.06182 -0.721914 -0.975541 -0.650926 0.351907 
-1.53547 -1.36891 -1.16766 -1.15266 -1.17549 -1.0043 -1.10479 -0.995774 -0.971052 -0.836669 -1.03708 -0.819416 -0.306351 -0.52457 -1.18696 -1.33042 -0.789784 -0.636357 -0.726637 -0.877162 -1.19711 -0.964345 -1.38515 -1.36079 -0.818364 -1.07107 -0.863688 0.365885 
-1.49716 -1.33901 -1.31162 -1.37231 -1.31252 -0.554827 -0.854368 -1.32016 -0.769273 -0.723953 -0.684661 -0.759224 -0.825966 -0.951086 -0.784983 -0.958925 -1.62075 -1.51533 -0.99359 -0.86664 -1.51663 -1.09035 -1.02809 -1.01213 -0.840605 -1.40919 -1.14483 0.404406 
-1.53299 -1.32094 -1.04293 -0.966402 -1.23911 -0.968206 -0.816919 -0.764894 -0.681546 -0.713246 -0.747068 -0.759286 -0.74574 -0.815717 -0.621578 -0.645009 -1.14706 -1.00861 -0.786363 -0.888073 -1.54405 -1.61099 -1.32997 -0.786294 -0.525197 -1.3822 -1.21238 0.386326 
-1.52349 -1.29089 -1.2067 -1.3524 -1.21803 -0.902041 -0.792907 -0.716618 -0.676396 -0.672197 -0.709405 -0.747489 -0.747529 -0.755579 -0.90143 -0.693079 -0.928669 -1.29419 -0.465733 -0.403155 -1.40179 -1.60563 -1.40132 -0.841985 -0.671219 -1.47995 -1.2338 0.382358 
-1.47821 -1.332 -1.29099 -0.895847 -1.33625 -1.50132 -0.819486 -0.771869 -0.774066 -0.758408 -0.767263 -0.766534 -0.749254 -0.733835 -0.796098 -0.938941 -0.803734 -0.890051 -0.625947 -0.427504 -1.46305 -1.6303 -1.4141 -0.883335 -0.72568 -1.37653 -1.23604 0.376601 
-1.50759 -1.28756 -1.27555 -1.28888 -1.05016 -1.28093 -1.30063 -0.785613 -0.726272 -0.787226 -0.814152 -0.750793 -0.733823 -0.722905 -0.74561 -0.770798 -0.603137 -0.574954 -0.548137 -0.454705 -1.53103 -1.66487 -1.38729 -0.903319 -0.893271 -1.23569 -0.540391 0.714894 
-1.47078 -1.35966 -1.38122 -1.2818 -1.26673 -1.21844 -1.0624 -0.940503 -0.709185 -0.763333 -0.751758 -0.729419 -0.755972 -0.722829 -0.627196 -0.679956 -0.830318 -0.739381 -0.515298 -0.686861 -1.52015 -1.60135 -1.15212 -0.910584 -1.09945 -1.11001 -0.456916 0.398548 
-1.48748 -1.29165 -1.37052 -1.36748 -1.29426 -1.14901 -1.35999 -1.33077 -0.829318 -0.80299 -0.808102 -0.744947 -0.727477 -0.742378 -0.729344 -0.781381 -0.935693 -0.584121 -0.190399 -0.664827 -1.61615 -1.45918 -1.05281 -0.853205 -0.962999 -1.23166 -0.253481 0.269269 
-1.52937 -1.37279 -1.35665 -1.33252 -1.35791 -1.29824 -0.866764 -1.15414 -1.37326 -0.838083 -0.726271 -0.77768 -0.830898 -0.761282 -0.610977 -0.485611 -0.507567 -0.498887 -0.0354903 -0.239995 -1.66514 -1.56949 -0.545469 -1.03235 -1.36745 -0.540618 -0.0961903 0.322166 
-1.50634 -1.32676 -1.33758 -1.34761 -1.31086 -1.28948 -1.23091 -1.00718 -1.13536 -1.08449 -0.817835 -0.795729 -0.829098 -0.865967 -0.856753 -1.02507 -1.45926 -1.45864 -1.12587 -1.34171 -2.11534 -1.58285 -1.23719 -1.33792 -0.867605 -0.94586 -0.972852 0.194357 
-1.53157 -1.38744 -1.33766 -1.34725 -1.32445 -1.25721 -0.96018 -0.855469 -0.925792 -0.893591 -0.636785 -0.615105 -0.608011 -0.697448 -1.00383 -0.753732 -0.969147 -1.35728 -1.20637 -1.38578 -1.95285 -1.62672 -0.65402 -0.915905 -1.44429 -0.554121 -0.619348 0.00863109 
-1.52418 -1.31108 -1.32509 -1.31685 -1.3068 -1.21557 -0.947026 -0.911966 -1.02817 -1.01362 -0.826726 -0.972067 -0.908309 -0.895164 -1.11503 -1.18943 -1.41011 -1.44956 -1.49872 -1.52859 -1.45388 -1.22555 -1.35462 -0.533234 -0.23352 -1.57261 -1.63779 0.401161 
-1.52182 -1.34619 -1.32901 -1.34431 -1.24061 -1.01959 -0.649865 -0.901601 -0.93708 -0.828857 -0.931141 -0.858616 -0.932212 -0.936407 -1.26501 -1.44228 -1.46934 -1.47722 -1.46689 -1.55163 -1.45179 -1.13088 -1.26732 -0.504792 -0.140306 -1.59125 -1.68976 0.371174 
-0.755778 -0.178379 -0.179333 -0.248966 -0.113938 0.00491801 0.150678 0.091865 -0.0451443 0.0410754 -0.0203735 -0.0197557 0.054843 -0.0854239 -0.204898 -0.109558 -0.356541 -0.489079 -0.204485 -0.0452268 -0.0141032 0.0980191 0.0112354 0.430391 0.489827 -0.678676 -0.576603 0.976454 

